5.475937228884769e-08
5.5206072170524e-08
5.954239166711896e-08
6.87857087745301e-08
7.722887942787736e-08
8.325446311565271e-08
8.34283331599709e-08
8.435526430141411e-08
8.235296266925441e-08
7.759714688835241e-08
7.112588158679533e-08
6.641949499105045e-08
6.63961800668493e-08
6.850192715378839e-08
7.412175869517997e-08
7.847264795998404e-08
8.399181366164709e-08
8.50491806056622e-08
8.762401101964515e-08
8.482589809734757e-08
7.553177168805447e-08
6.172328800691822e-08
4.852591885646218e-08
4.1543816927155996e-08
3.786448571251578e-08
3.7478197597975595e-08
4.1373215404136275e-08
5.1116735214143785e-08
6.303134267861133e-08
7.531839795162194e-08
8.214173467374182e-08
8.734557507773899e-08
8.751498274504025e-08
8.433894373185812e-08
7.923514228058764e-08
7.573773533435146e-08
7.704721336357007e-08
8.075280314319875e-08
8.811567760087247e-08
9.425975744767936e-08
1.0130919213992531e-07
1.0347118334121661e-07
1.0651198875449725e-07
1.0377040796330323e-07
9.408382884029912e-08
8.014793542553082e-08
6.684357378162877e-08
6.089950465388811e-08
5.7474925440806735e-08
5.7723832656118776e-08
6.171115827913995e-08
7.343607999297154e-08
8.652097083951767e-08
9.816910770251874e-08
1.0241268853444577e-07
1.0490679341057663e-07
1.0338496654210406e-07
9.895665073076127e-08
9.2708037860042e-08
8.830389888754661e-08
8.88147657077491e-08
9.191320296640246e-08
9.895872540166025e-08
1.0530229006433208e-07
1.1269945562056658e-07
1.1496713627121656e-07
1.1770155911536348e-07
1.1442966996231967e-07
1.043274229597695e-07
9.013910148201627e-08
7.724975525379048e-08
7.186681402478832e-08
6.948992185442768e-08
7.047862020741949e-08
7.629092020420485e-08
8.975458836042597e-08
1.0391545326661043e-07
1.1538900869189725e-07
1.1875310500201741e-07
1.2042692537787333e-07
1.177539083592342e-07
1.1171677321882816e-07
1.0357231521813657e-07
9.730051365752592e-08
9.621033771308427e-08
9.776245126410859e-08
1.0308036461745878e-07
1.0713506289085278e-07
1.1172378930885933e-07
1.1098164276773728e-07
1.1091457358388591e-07
1.0520925981849192e-07
9.300952341361265e-08
7.680118865522518e-08
6.133153004311908e-08
5.299102312016734e-08
4.7596022115663036e-08
4.6060791112489874e-08
4.861502378339801e-08
5.837968765596955e-08
7.014328200798654e-08
8.159598029246488e-08
8.680085623575917e-08
9.062804782744438e-08
9.05061233413328e-08
8.770197261117634e-08
8.341507789442392e-08
8.106162981484582e-08
8.379809894153948e-08
8.914385820838966e-08
9.831700618981435e-08
1.0623648609552805e-07
1.1469427181189144e-07
1.1765615972059427e-07
1.2092657509441527e-07
1.1805116256481964e-07
1.0801969457291044e-07
9.36746043872078e-08
8.04015752035272e-08
7.44254942558182e-08
7.120386188136357e-08
7.111437472182735e-08
7.592498054778462e-08
8.855603212832242e-08
1.021173908337204e-07
1.1308840217324445e-07
1.160781049294598e-07
1.1747209186490804e-07
1.1455877066230597e-07
1.0833421342750862e-07
1.001177073569856e-07
9.40769110470549e-08
9.350156926747139e-08
9.638084756970103e-08
1.0423523679872154e-07
1.1231212040684608e-07
1.219963242354196e-07
1.2654686480532802e-07
1.307909717979237e-07
1.2801698457189367e-07
1.1707446255963998e-07
1.0134002752236985e-07
8.699948716965364e-08
8.035193822316071e-08
7.694473730882189e-08
7.648224929213997e-08
8.141279531268498e-08
9.409663592940836e-08
1.0745965420152842e-07
1.1783685523264745e-07
1.2028701655323293e-07
1.2152655933405477e-07
1.186187488389915e-07
1.12381295508206e-07
1.0406293422602609e-07
9.758401337778203e-08
9.609762593630176e-08
9.744710353058924e-08
1.0322975887049616e-07
1.0866308884829716e-07
1.1557451411216345e-07
1.1748189709610138e-07
1.1963401163925347e-07
1.1527284282512306e-07
1.0340601390214663e-07
8.718627788575122e-08
7.156164800386882e-08
6.356869227100022e-08
5.827187037690141e-08
5.7078190378798346e-08
5.99726309218209e-08
7.104043892710676e-08
8.382322525235907e-08
9.545341513179761e-08
9.989849087760286e-08
1.0281189291791342e-07
1.0186352574390517e-07
9.820247860583971e-08
9.272877571230759e-08
8.916881650445269e-08
9.043541066407197e-08
9.423153653549712e-08
1.0186988606298008e-07
1.0844239040012167e-07
1.1577834314358196e-07
1.1778723722337134e-07
1.2022431005029077e-07
1.1658335956022245e-07
1.0583736317925864e-07
9.079813204615748e-08
7.667431026366728e-08
6.990751609330356e-08
6.585486039186498e-08
6.520483428742427e-08
6.90668302789079e-08
8.074947469080065e-08
9.35737026968395e-08
1.044168405233539e-07
1.0781044410012937e-07
1.1000965293754694e-07
1.0843379603010885e-07
1.040786924933141e-07
9.790637055019404e-08
9.386980729349757e-08
9.480938129105606e-08
9.854365784034917e-08
1.0631506802384517e-07
1.1370037367916903e-07
1.2244882919451596e-07
1.2617178910449414e-07
1.302835375766271e-07
1.2829486536776316e-07
1.194084665228513e-07
1.0629213937600106e-07
9.514261374565629e-08
9.116246358562544e-08
9.038814983913245e-08
9.16663381987324e-08
9.919276016813338e-08
1.1406999730190833e-07
1.2879434268877874e-07
1.3917959386306364e-07
1.4110243494845816e-07
1.4224454843937713e-07
1.3939996631375014e-07
1.331582469233696e-07
1.24984706369707e-07
1.1885638946372543e-07
1.1807361184374203e-07
1.2034717763569565e-07
1.2711554431062898e-07
1.335828607910617e-07
1.4148541529682763e-07
1.4433540975359624e-07
1.4721728449989506e-07
1.4342954324730664e-07
1.3203905978483575e-07
1.1625921618673662e-07
1.0259548907176628e-07
9.647842643865217e-08
9.378232627556571e-08
9.331278310850574e-08
9.945781218303333e-08
1.1319865542316276e-07
1.2691228910704017e-07
1.362271812616266e-07
1.37125660412172e-07
1.3740710432258825e-07
1.3392323541090027e-07
1.2717804495439308e-07
1.1850689307664043e-07
1.1170834125063909e-07
1.0975116006453929e-07
1.1022988204126333e-07
1.1474458970248634e-07
1.1869446792590139e-07
1.2379925052784527e-07
1.2364129972003331e-07
1.2379373723170327e-07
1.1794111701308351e-07
1.0533098284680502e-07
8.883671813783567e-08
7.346228753490233e-08
6.588558127922686e-08
6.123763031178632e-08
6.049063812874863e-08
6.384041347651597e-08
7.482692493372936e-08
8.661863731222854e-08
9.615126249106898e-08
9.749873165325536e-08
9.659098651315597e-08
9.116578641822016e-08
8.273941107625714e-08
7.265962749271724e-08
6.501168650332942e-08
6.315570473130957e-08
6.520252932041802e-08
7.29836318434281e-08
8.139547436141237e-08
9.17135524649016e-08
9.70391965729014e-08
1.0251083108119162e-07
1.0140228908494064e-07
9.26575793347714e-08
7.921176313122286e-08
6.593512529554241e-08
5.96810479263962e-08
5.5574905703856294e-08
5.493166308058569e-08
5.78362636348259e-08
6.842023645127431e-08
8.041430054170249e-08
9.109047103603611e-08
9.449851405297314e-08
9.629801395165128e-08
9.401981137733632e-08
8.875968905440223e-08
8.138815724012979e-08
7.585754576803608e-08
7.505320557588476e-08
7.665870367151449e-08
8.20917400145677e-08
8.702119873431916e-08
9.33456020765508e-08
9.492794928485861e-08
9.740004253002582e-08
9.41842188812797e-08
8.437031786877163e-08
7.019600302635949e-08
5.6466902926763405e-08
4.9336510522713445e-08
4.489629226506862e-08
4.38765683557214e-08
4.6712867123987654e-08
5.6242932006628054e-08
6.761864794417003e-08
7.870903662258358e-08
8.361348347066024e-08
8.697516441919204e-08
8.603743409236725e-08
8.220333364670468e-08
7.68502824025636e-08
7.340071107451172e-08
7.509457549199643e-08
7.927205176925596e-08
8.727850401482023e-08
9.432566655646744e-08
1.0234435639798903e-07
1.0539902737842685e-07
1.0911321454420513e-07
1.0689824580391218e-07
9.761501454457568e-08
8.386273975805393e-08
7.064928567596895e-08
6.4566782714107e-08
6.078987086518138e-08
6.03286793432195e-08
6.381647998974173e-08
7.501438363555656e-08
8.735356320597094e-08
9.777074264221644e-08
1.0040632614895319e-07
1.010909184913865e-07
9.734418117399334e-08
9.039912816316584e-08
8.142899765798046e-08
7.449294042716235e-08
7.294130290466142e-08
7.493014703253098e-08
8.185635042347639e-08
8.884846148426514e-08
9.736089604958195e-08
1.011520864211814e-07
1.0553951619285954e-07
1.035962180742042e-07
9.40497764258126e-08
7.982685865924969e-08
6.601327264047178e-08
5.978533897391225e-08
5.6252735815342645e-08
5.675695391893669e-08
6.10130335420322e-08
7.312922293044489e-08
8.655124907882227e-08
9.829945942879771e-08
1.0176257313550602e-07
1.0231843946134034e-07
9.758914576528791e-08
8.930271013327212e-08
7.885808001819817e-08
7.07021004537244e-08
6.836651587816802e-08
7.023319939114053e-08
7.785717413726483e-08
8.621769294442804e-08
9.63527516559232e-08
1.0124979735193297e-07
1.056054019012379e-07
1.0238448908063955e-07
9.095432833701712e-08
7.4398709600178e-08
5.814877192687989e-08
4.808422230822648e-08
4.111771392645021e-08
3.765857626151077e-08
3.906053034888247e-08
4.694304112255212e-08
5.748165725867961e-08
6.873917026800063e-08
7.49223805663137e-08
7.991998388260376e-08
8.01688107530064e-08
7.71754777823689e-08
7.219192713615332e-08
6.857624169614624e-08
6.952888418230084e-08
7.256432509451976e-08
7.889684736757881e-08
8.37640724024463e-08
8.9542482503494e-08
9.09403033232231e-08
9.388547148565522e-08
9.142444421131717e-08
8.222551405513489e-08
6.835379857312592e-08
5.485303087635516e-08
4.77135541540353e-08
4.3558065524266724e-08
4.305944727183022e-08
4.690873816075481e-08
5.7508259265438104e-08
7.022208758043566e-08
8.286240047918118e-08
8.92498544343431e-08
9.343888774919099e-08
9.211098721734758e-08
8.680235864402166e-08
7.909258923822629e-08
7.309289306519181e-08
7.222779227319447e-08
7.44832141129612e-08
8.152129963665218e-08
8.894279198901362e-08
9.865557052955122e-08
1.0405419097096628e-07
1.0975423568539259e-07
1.084728299640117e-07
9.902748997814425e-08
8.46522429774612e-08
7.05714427672295e-08
6.369072377155414e-08
5.918450201343409e-08
5.836164429135468e-08
6.153396354464093e-08
7.258176007318665e-08
8.492389809855669e-08
9.541924995833193e-08
9.787284717045901e-08
9.783475657394944e-08
9.296995224620318e-08
8.47009934525112e-08
7.443340484060714e-08
6.63980707668502e-08
6.433772384239283e-08
6.656532429867192e-08
7.457841101314872e-08
8.335457532593369e-08
9.410234237092854e-08
1.0002519672204632e-07
1.0571985849725668e-07
1.040357613818142e-07
9.403562519668317e-08
7.90001611143946e-08
6.406937266403439e-08
5.6102700425448536e-08
5.065755179941212e-08
4.9047528050470013e-08
5.1323588523530826e-08
6.115007603187462e-08
7.282820088362495e-08
8.389080564692823e-08
8.813652157243674e-08
9.070627057943488e-08
8.887791284771052e-08
8.40737862125937e-08
7.731206846098796e-08
7.269499074234663e-08
7.334982392676713e-08
7.71548496690805e-08
8.551950249242037e-08
9.397980424449904e-08
1.0433558596166261e-07
1.1021464908153296e-07
1.166200098560552e-07
1.1651658627465658e-07
1.0863328652371275e-07
9.573937552408882e-08
8.36914705230742e-08
7.86216327292888e-08
7.61159219607573e-08
7.623087880966054e-08
8.127640510411115e-08
9.37780441409731e-08
1.0651022478792879e-07
1.1566932282557994e-07
1.1598363241355197e-07
1.1421493594062899e-07
1.0781913457922689e-07
9.805191555080916e-08
8.659130335662807e-08
7.771737129600641e-08
7.53181998995806e-08
7.767461749837083e-08
8.641410740589079e-08
9.638901434551321e-08
1.0860798491963072e-07
1.1588031185268857e-07
1.2277422307464573e-07
1.221695377067716e-07
1.1320148109999275e-07
9.893815469275912e-08
8.537646788515714e-08
7.88486322608859e-08
7.513618502800458e-08
7.44325231684662e-08
7.8749474211464e-08
9.058818726951219e-08
1.0276080984671801e-07
1.1170169546907038e-07
1.1247540978156399e-07
1.1199985043067036e-07
1.077561705197007e-07
1.006171020977338e-07
9.188654844704904e-08
8.541943234188224e-08
8.45204309701711e-08
8.685441293244908e-08
9.411490487852426e-08
1.0142183810838215e-07
1.1041921188663097e-07
1.1455320048373533e-07
1.1900653185216043e-07
1.1712641965919346e-07
1.0783393396267509e-07
9.404540420551641e-08
8.133683656113723e-08
7.596768437228105e-08
7.342472584823414e-08
7.400196152455162e-08
7.9530354341095e-08
9.280027427260236e-08
1.0663716568067908e-07
1.173750380879231e-07
1.1948792581404407e-07
1.1954824787945764e-07
1.1486437403982165e-07
1.0655205277488973e-07
9.594894835900994e-08
8.737376971402975e-08
8.49169582013447e-08
8.694424991813666e-08
9.532103778921814e-08
1.0512451844109684e-07
1.1780612444768115e-07
1.2643454560897298e-07
1.3533562791144494e-07
1.3738508914504594e-07
1.311374021380092e-07
1.200970876010418e-07
1.104638688407726e-07
1.0810682320674728e-07
1.0831296608544267e-07
1.1060102092780809e-07
1.1932197767146158e-07
1.3527691297465214e-07
1.501452182399224e-07
1.5931430229492727e-07
1.5870635143740024e-07
1.5635282373064563e-07
1.4894230893013997e-07
1.3757710873749365e-07
1.2382564581946088e-07
1.1218855525925472e-07
1.064427997544701e-07
1.0535555360939466e-07
1.105021233759148e-07
1.1674791818476155e-07
1.2516752496187383e-07
1.291098780569483e-07
1.3356193962970418e-07
1.3159165566810025e-07
1.2187467317325885e-07
1.0731239948669803e-07
9.402263714539477e-08
8.7817318461609e-08
8.459653742842052e-08
8.379311162646164e-08
8.876006558150833e-08
1.010915959661189e-07
1.1338085554940975e-07
1.216786509458294e-07
1.2160800104965248e-07
1.2069730500333914e-07
1.1617442857048868e-07
1.0889114850434184e-07
1.0009534643003965e-07
9.36788563372786e-08
9.286902597436039e-08
9.560681914103798e-08
1.0313123251754668e-07
1.103497077952799e-07
1.1878479388004862e-07
1.22190812719336e-07
1.2601109352050473e-07
1.2352572014330917e-07
1.1364908017013713e-07
9.926140044252127e-08
8.621749371634245e-08
8.05310733445684e-08
7.785828467178684e-08
7.809094293621035e-08
8.380162385036271e-08
9.730535874280251e-08
1.1147730905475332e-07
1.225839591863282e-07
1.255978971175167e-07
1.273502822510428e-07
1.249249909146927e-07
1.1910420956595709e-07
1.1093549327169857e-07
1.0444270586332615e-07
1.0288068115965535e-07
1.0446359979850412e-07
1.1043922803227858e-07
1.1612761136782961e-07
1.2318872153214223e-07
1.2542205683953164e-07
1.282228265866704e-07
1.2480025873440222e-07
1.1414414819792334e-07
9.909854863170699e-08
8.545502172828221e-08
7.928152092238406e-08
7.620238076276005e-08
7.614933972208861e-08
8.139410182264217e-08
9.428441261176512e-08
1.0764822942843916e-07
1.1779606100481581e-07
1.1962431338861634e-07
1.199211069536966e-07
1.1584413785528453e-07
1.085075325019349e-07
9.905661814221993e-08
9.191752156857174e-08
9.030302141905409e-08
9.262936889890621e-08
1.0024534994422613e-07
1.0838062653972339e-07
1.1834994750481444e-07
1.2337822455412774e-07
1.2836830468611502e-07
1.2637997306635874e-07
1.1636297303181996e-07
1.0143509444765591e-07
8.747671239872206e-08
8.064626414666792e-08
7.652590629097917e-08
7.517086163343096e-08
7.909522800257613e-08
9.072598682517321e-08
1.0296324812004277e-07
1.1215733844968119e-07
1.1339470480150345e-07
1.1346173781652463e-07
1.0941480946775855e-07
1.0207784730239706e-07
9.262262406157717e-08
8.534963162256248e-08
8.345483823674042e-08
8.518462076464449e-08
9.192487259890658e-08
9.927827259726534e-08
1.0898245505772508e-07
1.1441819382245704e-07
1.2025576279151107e-07
1.1916053580839912e-07
1.0993682354763772e-07
9.562915091394686e-08
8.200495034515918e-08
7.54522205902499e-08
7.155453089752549e-08
7.066420312143402e-08
7.465043181228943e-08
8.624389390498428e-08
9.84422096891087e-08
1.0780919793786107e-07
1.0909573599455576e-07
1.088445695125733e-07
1.042371366173099e-07
9.63580286142961e-08
8.650166346810217e-08
7.877951574179479e-08
7.619809304618144e-08
7.683123015721411e-08
8.241227560061541e-08
8.834351254376568e-08
9.585026089161886e-08
9.84357180646847e-08
1.0163669248236583e-07
9.881650349803457e-08
8.887619271219286e-08
7.425947395131431e-08
5.999047587155615e-08
5.266635734403827e-08
4.818316451410361e-08
4.75756959880331e-08
5.0993262242389426e-08
6.156591952752947e-08
7.383348017245735e-08
8.536440016421702e-08
8.985436737522595e-08
9.205154040574981e-08
8.923364617907e-08
8.3040841863285e-08
7.498171458627903e-08
6.909499551341021e-08
6.897870831314334e-08
7.257178993058191e-08
8.15547681950789e-08
9.098314364171824e-08
1.0217359894312258e-07
1.0832266777436344e-07
1.1467518495126541e-07
1.1424187674818936e-07
1.0590512431414416e-07
9.22431026489684e-08
7.903665255673067e-08
7.289719933514067e-08
6.943609330451161e-08
6.911511341499207e-08
7.34064944239685e-08
8.52738246107823e-08
9.784775454033399e-08
1.0755998932118562e-07
1.0888521216220175e-07
1.0819296506134792e-07
1.030730561130117e-07
9.476472894755982e-08
8.464009313991048e-08
7.672818528180218e-08
7.459894562737435e-08
7.61961119509201e-08
8.312038288254844e-08
9.021893979944572e-08
9.881462945300941e-08
1.0230598389258643e-07
1.059973951593038e-07
1.0316855735328295e-07
9.281129509545367e-08
7.780950839479759e-08
6.314326717676823e-08
5.5665716986877365e-08
5.0696051869963975e-08
4.944846002890272e-08
5.175965155735535e-08
6.143214929712333e-08
7.262368682055758e-08
8.28520726840218e-08
8.606367519703145e-08
8.757251276834522e-08
8.489632725154249e-08
7.943421479394776e-08
7.213726424382275e-08
6.690216567241388e-08
6.68502545412532e-08
6.960145688255615e-08
7.652492573234474e-08
8.267403916408718e-08
9.016981358280421e-08
9.298968955618474e-08
9.682973202341721e-08
9.468581584671655e-08
8.533610827559773e-08
7.118825566238367e-08
5.7284810965685526e-08
4.996784522842904e-08
4.531365037015463e-08
4.4097416492838584e-08
4.6783692176601e-08
5.628653845000234e-08
6.771183127100247e-08
7.888128129880894e-08
8.382105106739512e-08
8.721451612772221e-08
8.610382582619897e-08
8.201685030126054e-08
7.59588894957832e-08
7.157672755771054e-08
7.175775246328058e-08
7.422647355480413e-08
8.031758683809683e-08
8.521195062631162e-08
9.086924065303146e-08
9.149916076878665e-08
9.333471392563647e-08
8.977519737183232e-08
7.978663549976376e-08
6.520310824863648e-08
5.1047667872992884e-08
4.286343835403098e-08
3.780923055018397e-08
3.594760112025137e-08
3.8487023412859214e-08
4.6805087322656316e-08
5.7205444903747975e-08
6.778721890892696e-08
7.270512744574945e-08
7.574536709239178e-08
7.35432535793311e-08
6.815345784199389e-08
6.121858191119564e-08
5.645674768413873e-08
5.709266035047405e-08
6.111652917795584e-08
6.994902796094258e-08
7.833160877941224e-08
8.769153625796959e-08
9.171325447624564e-08
9.624562466185712e-08
9.451753088304098e-08
8.543897755264757e-08
7.143770550230136e-08
5.764390883683602e-08
5.040509411674672e-08
4.5869456698948915e-08
4.486273134829004e-08
4.7841868846571013e-08
5.778318836941384e-08
6.972117245216344e-08
8.14231434173512e-08
8.684892763505476e-08
9.055976021083375e-08
8.956616333781693e-08
8.51675634074382e-08
7.859154257392196e-08
7.352676216699825e-08
7.339087385965959e-08
7.572592495649774e-08
8.231599360557936e-08
8.842382425173168e-08
9.64197022109802e-08
1.0009346963310145e-07
1.0476232502212969e-07
1.0323388607304825e-07
9.40867573225606e-08
8.010393946890834e-08
6.632740573588532e-08
5.978910968117477e-08
5.567395886295488e-08
5.532904978702403e-08
5.8634593881532256e-08
6.963100503305743e-08
8.187074260976827e-08
9.243326563749386e-08
9.513427966543287e-08
9.547966680732507e-08
9.133569034473913e-08
8.402459544975196e-08
7.4845721782369e-08
6.78929625408891e-08
6.686816071223858e-08
6.984532343493429e-08
7.812034696356628e-08
8.662902443547327e-08
9.662724990353053e-08
1.0164135299699902e-07
1.0675129001781341e-07
1.0501561081033992e-07
9.529768033029413e-08
8.049271837317508e-08
6.555916103814364e-08
5.763481133143627e-08
5.199920108326834e-08
5.018189658861386e-08
5.188865562227601e-08
6.117422151413338e-08
7.182562753926214e-08
8.126242993910363e-08
8.338887139676945e-08
8.36421289160622e-08
7.978244428232633e-08
7.322372447433944e-08
6.514670394500572e-08
5.949037562346798e-08
5.953659290894365e-08
6.317205217918251e-08
7.189703949084103e-08
8.073036296452265e-08
9.100052869599485e-08
9.630526117523528e-08
1.0202290884414606e-07
1.0153293166939448e-07
9.345765050862313e-08
8.025309648879036e-08
6.689790977033432e-08
6.031013453853713e-08
5.5756834714286e-08
5.446117193893057e-08
5.66460557318201e-08
6.637038934662126e-08
7.730053936430778e-08
8.662994783596189e-08
8.855474131970985e-08
8.873819875902e-08
8.484942651771591e-08
7.798810289679874e-08
6.92533194823556e-08
6.254326931314438e-08
6.13401225567079e-08
6.34324916388894e-08
7.035265045252375e-08
7.718446296528897e-08
8.558952735435413e-08
8.937558255349577e-08
9.405685068917379e-08
9.271777584283734e-08
8.414259839540403e-08
7.056734186000467e-08
5.709777616764314e-08
5.019905285291191e-08
4.6141019407586966e-08
4.5726705178507024e-08
4.9313393882483416e-08
5.957678975886682e-08
7.132891617870115e-08
8.1980300099198e-08
8.506761570732547e-08
8.502430439910887e-08
7.902931822566034e-08
6.908273159707869e-08
5.707240989987631e-08
4.748880744717481e-08
4.440212532304724e-08
4.603030136430171e-08
5.418923054659146e-08
6.372266935597306e-08
7.566669915614382e-08
8.281128620591227e-08
8.99826678194174e-08
9.010242920903066e-08
8.226409489274517e-08
6.921126959684864e-08
5.6278659412515293e-08
5.0122089058518895e-08
4.660363444335221e-08
4.65910802875188e-08
4.9963321593931616e-08
5.995813382939954e-08
7.10287526916143e-08
8.076875723934847e-08
8.28982056948567e-08
8.242524267176368e-08
7.673731232488558e-08
6.774139147203123e-08
5.666353655438102e-08
4.803313498711518e-08
4.5409827437034016e-08
4.71932959541141e-08
5.476353088500975e-08
6.322558015967724e-08
7.391851920222422e-08
8.02789182989788e-08
8.727831555310017e-08
8.759725751144665e-08
8.002125802700826e-08
6.686398605091742e-08
5.348811885729627e-08
4.5886344081101593e-08
4.098639627678052e-08
3.926564660401472e-08
4.171272616705876e-08
5.016107638620453e-08
6.023119692240116e-08
6.961486246678856e-08
7.21146624145325e-08
7.164891582355841e-08
6.4986030450773e-08
5.426934347910718e-08
4.143091072681586e-08
3.0973298256771696e-08
2.71005618358803e-08
2.8587890912161664e-08
3.717580387341684e-08
4.756974661152629e-08
6.071603743170796e-08
7.00130251900345e-08
8.00922034219335e-08
8.285275396470066e-08
7.653290049253615e-08
6.355711455818401e-08
5.013287551686838e-08
4.244714275811611e-08
3.7930389412741524e-08
3.66379950676736e-08
3.9773144009845985e-08
4.8673340010241883e-08
5.983364853731626e-08
7.142560181393753e-08
7.763280905281683e-08
8.224695128678332e-08
8.183925828444091e-08
7.808931905998117e-08
7.240365211903551e-08
6.821248995169507e-08
6.873760418669682e-08
7.129059796084713e-08
7.729503216795352e-08
8.21208475608139e-08
8.807000331127162e-08
8.945824529756285e-08
9.222700056930938e-08
8.969651779000354e-08
8.06711297795339e-08
6.720344474720668e-08
5.414866821227384e-08
4.753275105459947e-08
4.356425466970301e-08
4.282401371897652e-08
4.589718622825189e-08
5.5373430640008335e-08
6.651642007041035e-08
7.701133639799494e-08
8.07045435295271e-08
8.187459332688728e-08
7.759727203959087e-08
6.934167132786947e-08
5.882993807456926e-08
5.008560518792417e-08
4.7468169751295496e-08
4.897302266726655e-08
5.6390819618788296e-08
6.469421286822104e-08
7.574744928384505e-08
8.32035336971041e-08
9.192545761154989e-08
9.397474008502367e-08
8.748136593141306e-08
7.514229981639024e-08
6.250577600643169e-08
5.711964844638479e-08
5.4174905225596856e-08
5.5036376796737274e-08
5.906292468090228e-08
7.052762903640395e-08
8.30126432606602e-08
9.38443175781094e-08
9.663634443637732e-08
9.709996069603797e-08
9.279167037197062e-08
8.562658172582004e-08
7.621095942004466e-08
6.901994943025265e-08
6.639468453363257e-08
6.67497135524727e-08
7.164059395815743e-08
7.637354969456739e-08
8.2636120643525e-08
8.467007893098929e-08
8.869470112273578e-08
8.781831907747279e-08
8.014142742466059e-08
6.761671637877862e-08
5.520147707684935e-08
4.935782987621739e-08
4.594128920412492e-08
4.576929717649821e-08
4.889775322837376e-08
5.835783515455398e-08
6.861613044376875e-08
7.702340851017745e-08
7.717411681472639e-08
7.392853443409258e-08
6.498670072481285e-08
5.244437042804921e-08
3.786068835450838e-08
2.6021250221793035e-08
2.1417334754264165e-08
2.356575641857473e-08
3.3368506936303795e-08
4.521630368402035e-08
5.900740268565468e-08
6.900319133739027e-08
8.000370188571533e-08
8.394774229160575e-08
7.845796673028822e-08
6.566999111707688e-08
5.189248138520776e-08
4.361043255888079e-08
3.827635004235898e-08
3.6194621586047137e-08
3.8640145409962944e-08
4.696392201348493e-08
5.7436747565046026e-08
6.808319819322004e-08
7.303721954825418e-08
7.59281759381964e-08
7.348053277240833e-08
6.738031934323716e-08
5.94519030366141e-08
5.324886951949973e-08
5.250935980875925e-08
5.5151261393554075e-08
6.248777422926304e-08
6.96730608405573e-08
7.815883228117088e-08
8.204444359422102e-08
8.696401598019279e-08
8.596129522235468e-08
7.785828436689041e-08
6.464940528669194e-08
5.1589102116217624e-08
4.465410935459515e-08
4.060199255979776e-08
3.976850637230939e-08
4.292933048755932e-08
5.199351353933559e-08
6.247152246435961e-08
7.202069470116701e-08
7.426252075466093e-08
7.319316038086704e-08
6.567786563873947e-08
5.384551608564938e-08
3.930082800085724e-08
2.63836307724144e-08
1.936205434343854e-08
1.749324142095088e-08
2.2997352338284373e-08
3.099894040704901e-08
4.230510949674827e-08
5.019969528592302e-08
6.010621844121597e-08
6.54336952775197e-08
6.379380142374617e-08
5.5518235820334806e-08
4.507845290415628e-08
3.863491727929904e-08
3.472577749004279e-08
3.350915410467141e-08
3.6249293967469247e-08
4.406995998308111e-08
5.34168044831626e-08
6.238145598849891e-08
6.489115685513795e-08
6.46224271730084e-08
5.800673121477751e-08
4.738527217885751e-08
3.446121038544495e-08
2.358835215163131e-08
1.887838030621524e-08
1.9155791621074596e-08
2.7040589812871035e-08
3.698421709748531e-08
5.054930087385539e-08
6.001768140426231e-08
7.197731434967575e-08
7.853275909612874e-08
7.702281753297489e-08
6.840506753619698e-08
5.767262524903563e-08
5.3055425045899836e-08
5.061996635996557e-08
5.156240736250219e-08
5.55012858411769e-08
6.607919837398394e-08
7.709893632668188e-08
8.54918595791415e-08
8.468905484951687e-08
7.997125709232119e-08
6.953692622905738e-08
5.547157597574532e-08
3.920984870472193e-08
2.5827017243853002e-08
1.9990889899387582e-08
2.1056005536386024e-08
3.0020188757327315e-08
4.090437329566928e-08
5.4016159189907784e-08
6.322130910708816e-08
7.408904588842816e-08
7.86476984526019e-08
7.440214230980438e-08
6.309894670130003e-08
5.0723849983897596e-08
4.428179805175144e-08
4.062802362854324e-08
4.0051999049067914e-08
4.317928117913114e-08
5.194607436121669e-08
6.185162945240653e-08
7.051704133055224e-08
7.169463905321949e-08
6.970054652406633e-08
6.156937334783333e-08
4.947314520318364e-08
3.4832792026335715e-08
2.2400886962730484e-08
1.6366283889973243e-08
1.5613552838216614e-08
2.1650771682956117e-08
2.966633380217886e-08
4.0683444713979824e-08
4.846277727097311e-08
5.8146426020621216e-08
6.341764378218402e-08
6.188843665349013e-08
5.383786934719405e-08
4.347078764439305e-08
3.667855913040152e-08
3.211478112653418e-08
3.0317717945585694e-08
3.268503777294841e-08
4.05588989136154e-08
5.031806239329236e-08
6.077134911782639e-08
6.613077703462922e-08
6.972538360885984e-08
6.741940735233399e-08
6.083822733151613e-08
5.218549993785695e-08
4.5167883156408866e-08
4.389466696766784e-08
4.601577674971961e-08
5.404161161106621e-08
6.24492777345075e-08
7.327433820470595e-08
8.002944480068417e-08
8.824418829932302e-08
9.042966220429839e-08
8.44658496133374e-08
7.262260205668469e-08
6.0188317665913e-08
5.44940366305311e-08
5.114584807751565e-08
5.1474503978501176e-08
5.509906141862335e-08
6.597213193312871e-08
7.787976418655372e-08
8.792320678617848e-08
8.951968082941028e-08
8.773471652024045e-08
8.016882818938433e-08
6.85024212502252e-08
5.4297443984689663e-08
4.271108579178148e-08
3.794006553478351e-08
3.887602386285031e-08
4.742196348494601e-08
5.870837150628655e-08
7.388194791397917e-08
8.531735563325382e-08
9.725259541000781e-08
1.0167096901554606e-07
9.685486037489165e-08
8.56405401846746e-08
7.425178076776843e-08
6.973580582542167e-08
6.794411836728652e-08
6.919234321414254e-08
7.467170439017094e-08
8.70156899517819e-08
9.899109976339635e-08
1.0669357682541817e-07
1.042073833300046e-07
9.790926512184475e-08
8.567814913553096e-08
6.936554933504522e-08
5.07082796825266e-08
3.5329101279711634e-08
2.8267416803209535e-08
2.924405136586059e-08
3.948219931161444e-08
5.2873354166009756e-08
6.940533956486814e-08
8.228338625056753e-08
9.609418913614673e-08
1.0270039880829608e-07
9.960507087832874e-08
8.93484098936319e-08
7.874437434005588e-08
7.456530655264055e-08
7.277588926256647e-08
7.318665791107605e-08
7.80448332588593e-08
8.965930082003932e-08
1.0111119168325208e-07
1.0892055646775862e-07
1.0848785705008222e-07
1.0676030354329531e-07
1.0119095268728598e-07
9.255565480466482e-08
8.181709326249115e-08
7.336265057116965e-08
7.067202290881226e-08
7.180915598801373e-08
7.74719818282781e-08
8.277529196703725e-08
9.019490684706005e-08
9.38507602176147e-08
9.880074144799348e-08
9.72482736558037e-08
8.783649642432476e-08
7.335952134972734e-08
5.908923387448925e-08
5.163545056976036e-08
4.694784132093935e-08
4.584316691084771e-08
4.8484117186787553e-08
5.781143518408558e-08
6.838716059388692e-08
7.753980218570249e-08
7.893257933457013e-08
7.729498180658038e-08
6.987512042968693e-08
5.863095308287071e-08
4.511873297899463e-08
3.4502660111007465e-08
3.030264753282976e-08
3.1261022222355563e-08
3.8790949590376234e-08
4.85286043587844e-08
6.134110156996452e-08
6.976074264557691e-08
7.88089110444431e-08
8.139373653627674e-08
7.626236257747669e-08
6.520528551330937e-08
5.32878971352332e-08
4.711394158500106e-08
4.3387828185484693e-08
4.269866916854354e-08
4.552202733831013e-08
5.4137273600104005e-08
6.357973184658348e-08
7.124885119195938e-08
7.095002649056878e-08
6.731213450486841e-08
5.806005036500736e-08
4.518613200493378e-08
3.0099145673460796e-08
1.72665169914938e-08
1.1043352543342798e-08
1.0553338181427978e-08
1.586273116463024e-08
2.381777385306417e-08
3.4151905341949073e-08
4.313944430796592e-08
5.282933433429201e-08
5.974229448855757e-08
6.114643753463556e-08
5.718071170928958e-08
4.978664076906351e-08
4.4434646202632476e-08
4.032947375718103e-08
3.908386082529361e-08
4.142639829189745e-08
4.9551836029026046e-08
5.914352818237218e-08
6.790470903060697e-08
6.997507927902864e-08
6.96122100241109e-08
6.383879029113946e-08
5.4352875538791504e-08
4.29525688790255e-08
3.4639694144068737e-08
3.3006571176304916e-08
3.5886230408543567e-08
4.3823316325893064e-08
5.2539595686397165e-08
6.346808564697283e-08
7.020969113216919e-08
7.774940858271053e-08
7.912377176564219e-08
7.310725715373571e-08
6.149226774805606e-08
4.9429202922401804e-08
4.295116898619806e-08
3.916457013362886e-08
3.835287565046907e-08
4.155304611091197e-08
5.0418419775578214e-08
6.075990088546147e-08
7.020742856690726e-08
7.258094137726296e-08
7.169501580152575e-08
6.427553273361157e-08
5.233103321098653e-08
3.766289478067056e-08
2.4886826694006708e-08
1.8094801640637028e-08
1.646510609320689e-08
2.168553448518145e-08
2.9828894834612984e-08
4.137887603039611e-08
5.036218763119188e-08
6.089545829845588e-08
6.742265863837441e-08
6.723782579922577e-08
6.066431900282297e-08
5.11034305890921e-08
4.493578710091378e-08
4.049745046639424e-08
3.8975724559885604e-08
4.11774477369818e-08
4.934626845172794e-08
5.895949429973083e-08
6.775877640143463e-08
6.9605414832086e-08
6.846176806542655e-08
6.131139105578813e-08
4.9978954353015915e-08
3.619086476455024e-08
2.3787436563889033e-08
1.6637291263077537e-08
1.4281879405133392e-08
1.8209804955861143e-08
2.562448047706537e-08
3.617553165011875e-08
4.520642124689555e-08
5.5267616317493736e-08
6.233073106760406e-08
6.364381452803072e-08
5.955465642666168e-08
5.231677445208643e-08
4.7993194721235334e-08
4.494704472758925e-08
4.50219649916909e-08
4.846486522778555e-08
5.834364766140635e-08
6.955576146972412e-08
7.953765161750252e-08
8.219557134395353e-08
8.224297611167675e-08
7.716393283169926e-08
6.870671347704813e-08
5.87228188367778e-08
5.199843519676774e-08
5.224653576342653e-08
5.73655815287064e-08
6.840338620139944e-08
8.028662177507609e-08
9.380400535168775e-08
1.0202357972657444e-07
1.099148684572386e-07
1.10832803385436e-07
1.0352884492211964e-07
9.069747149207954e-08
7.812628044263535e-08
7.247678044195244e-08
6.947432665764199e-08
6.947345961506546e-08
7.390382578859475e-08
8.521801537058634e-08
9.610765228470843e-08
1.0261909064241539e-07
9.922358849533379e-08
9.232400490627671e-08
7.984120479283012e-08
6.351110168585356e-08
4.547050981415369e-08
3.109330872686478e-08
2.5386030303634355e-08
2.7432900449453485e-08
3.796642384001418e-08
5.063400490239849e-08
6.56707326298504e-08
7.682768767776403e-08
8.851258961128652e-08
9.261547891929711e-08
8.695366074656901e-08
7.464279416971808e-08
6.151521148724615e-08
5.489096456780171e-08
5.024703239804998e-08
4.9003300924479607e-08
5.113526400258166e-08
6.043728156602981e-08
7.09104554792038e-08
7.975513088317436e-08
8.072189271837636e-08
7.875755532973105e-08
7.157873696134248e-08
6.063912351297354e-08
4.801367850645484e-08
3.794746177604773e-08
3.4701179451687296e-08
3.593840985738021e-08
4.41183600070213e-08
5.351205532665321e-08
6.569024413015168e-08
7.303589301541146e-08
8.073503234366951e-08
8.144577134164477e-08
7.409064487018329e-08
6.104838186599607e-08
4.7990699604508677e-08
4.081962312619989e-08
3.6879899933129936e-08
3.6017083534297644e-08
3.933502002286923e-08
4.8089192437796155e-08
5.872947331138176e-08
6.938716939501387e-08
7.434925696925415e-08
7.731766156418122e-08
7.518080611268637e-08
6.952115423967894e-08
6.212454704511862e-08
5.6240275107283285e-08
5.534941324240813e-08
5.681589767923023e-08
6.184830485628669e-08
6.57420367160589e-08
7.06101343623749e-08
7.086213924661121e-08
7.286247370467657e-08
7.017875690834696e-08
6.206157246424714e-08
4.974627527089066e-08
3.77319372328863e-08
3.0897683258824434e-08
2.639332555199915e-08
2.4809683588739994e-08
2.686003925894622e-08
3.4382672263167716e-08
4.292834704788086e-08
5.2674948107615606e-08
5.838632002911728e-08
6.360414516847251e-08
6.377845060356236e-08
5.987020836528692e-08
5.39260563509968e-08
5.032229413525455e-08
5.223137070039658e-08
5.722025148918552e-08
6.578073586671092e-08
7.330365876053771e-08
8.231720005231869e-08
8.716784566482047e-08
9.325365881972189e-08
9.331030545697511e-08
8.585683287585539e-08
7.337903377610341e-08
6.07458892668995e-08
5.5015635217300976e-08
5.175688179716403e-08
5.227871751652204e-08
5.609574729021548e-08
6.6944108224606e-08
7.833597400579155e-08
8.725116013728317e-08
8.694364813870889e-08
8.295019696199925e-08
7.291954789354986e-08
5.885152785613179e-08
4.191917289207432e-08
2.7662150651222446e-08
2.0538810415353225e-08
1.9664608057890353e-08
2.7001749257921448e-08
3.7376490901398533e-08
5.170655805095598e-08
6.261864544873958e-08
7.535350997941358e-08
8.308983310546976e-08
8.256289891616407e-08
7.431148418808392e-08
6.246213267379548e-08
5.5300562012812054e-08
4.992384186381726e-08
4.8016501590902534e-08
4.954718857232863e-08
5.815220004675976e-08
6.795074779542449e-08
7.634254010510104e-08
7.718957375980709e-08
7.571746367899006e-08
6.932955119004488e-08
5.980803278013135e-08
4.814555664762429e-08
3.908367578283957e-08
3.5668327940677754e-08
3.6494573976132696e-08
4.250455400597843e-08
4.910903713794288e-08
5.7949684972690965e-08
6.279062255445821e-08
6.912231824689818e-08
6.950706789867393e-08
6.276846241416648e-08
5.0523740968727375e-08
3.7885048115333045e-08
3.028495361883808e-08
2.4824698478630597e-08
2.2538027848242674e-08
2.366210721967464e-08
3.027505459153436e-08
3.6788829667792075e-08
4.373728408742292e-08
4.574376978166881e-08
4.668298462484829e-08
4.1705179161978325e-08
3.1808964889305045e-08
1.924567299731931e-08
9.337038887763711e-09
5.522785453979203e-09
6.4061551482178065e-09
1.087083716140576e-08
1.7392431252732165e-08
2.5685718757707432e-08
3.364515291854034e-08
4.1658079895423467e-08
4.789706745800792e-08
5.002877065000005e-08
4.798130865019376e-08
4.2683724192272705e-08
3.8101262412680734e-08
3.482238929212492e-08
3.432900165897237e-08
3.758378786759809e-08
4.5560648845547576e-08
5.4600499564107144e-08
6.275512402872796e-08
6.391347500427138e-08
6.193661315980846e-08
5.360070857165363e-08
4.1487046176153e-08
2.733323183176115e-08
1.5571434004645367e-08
1.0369751563579361e-08
1.050910343126572e-08
1.6228344062857543e-08
2.4038939788045574e-08
3.4080509227509984e-08
4.226395087402167e-08
5.139952245770273e-08
5.7397416280133735e-08
5.784064413925382e-08
5.276881164427979e-08
4.477890834625759e-08
3.8953089465688136e-08
3.4974762995436135e-08
3.370456457975838e-08
3.637116723013356e-08
4.401221565691049e-08
5.314556101272314e-08
6.176619925202536e-08
6.379713667776533e-08
6.296461824512153e-08
5.574475287017547e-08
4.457879415912169e-08
3.1073008878166946e-08
1.9847257260882625e-08
1.4900195896810844e-08
1.5046520653969493e-08
2.1663880276396958e-08
3.0535310183728317e-08
4.252385393508007e-08
5.174030091732262e-08
6.260167736244926e-08
6.940106848533276e-08
6.937429971303785e-08
6.296296061935117e-08
5.3744184154838345e-08
4.867755295183626e-08
4.54019867325909e-08
4.518246622159729e-08
4.810348752105185e-08
5.6966585214283e-08
6.628986554544093e-08
7.336670467519632e-08
7.205068774994275e-08
6.750724975225089e-08
5.741641665887243e-08
4.365981330843202e-08
2.80016806300833e-08
1.577099917816568e-08
1.1741888416955476e-08
1.4097013093146956e-08
2.3515271331673736e-08
3.479462680534544e-08
4.9023781352565635e-08
6.007085657403173e-08
7.283269717659999e-08
8.116165768281065e-08
8.193162862801996e-08
7.56943129692512e-08
6.640016464498033e-08
6.187703758089715e-08
5.901761442008671e-08
5.920595031917382e-08
6.246238548597805e-08
7.22723943620829e-08
8.161725064825135e-08
8.715376857374586e-08
8.308382231981732e-08
7.580564005015937e-08
6.382813328533976e-08
4.882205478237156e-08
3.2882651824836795e-08
2.140933418601053e-08
1.9356842409194452e-08
2.430928536814932e-08
3.675652116940902e-08
5.0307083555970065e-08
6.65682083497571e-08
7.834718970057754e-08
9.064419519955243e-08
9.617839369630646e-08
9.308204060075641e-08
8.344379211854516e-08
7.223380695999881e-08
6.675079544900462e-08
6.297126650406339e-08
6.184599543099869e-08
6.425168939093331e-08
7.348158191853764e-08
8.255684602404839e-08
8.797616430038771e-08
8.409738755004558e-08
7.726726415737231e-08
6.552044409184605e-08
5.0367841288751616e-08
3.3728628525103085e-08
2.0506882337612803e-08
1.5601646665680046e-08
1.7302915407257596e-08
2.7130219270283934e-08
3.848162559384667e-08
5.2656819212579506e-08
6.238100476453424e-08
7.438125711244728e-08
8.062967895811915e-08
7.830455402091104e-08
6.826564174435117e-08
5.5885293903731564e-08
4.912894004207402e-08
4.4725779579255616e-08
4.328561007270127e-08
4.497596932034069e-08
5.2427737182986364e-08
6.026005348556275e-08
6.601827879569128e-08
6.378249045213574e-08
5.899678282688646e-08
4.929660921435809e-08
3.6656859088587186e-08
2.2654101909571237e-08
1.259677563949755e-08
1.0722715509479423e-08
1.4743695977548778e-08
2.502366750485663e-08
3.5858505079835775e-08
4.887403375900028e-08
5.799927459632432e-08
6.914020286419808e-08
7.480975618263016e-08
7.246208521316547e-08
6.316242336118801e-08
5.208181845864845e-08
4.621821028569177e-08
4.248334514425558e-08
4.140869374838962e-08
4.3544414276138825e-08
5.116003601973688e-08
5.9353140914652064e-08
6.570813293124092e-08
6.436559362830777e-08
6.033675487733563e-08
5.1104322647754764e-08
3.883800094155372e-08
2.5526519752805644e-08
1.6652512526926908e-08
1.616058945586033e-08
2.1522932286484193e-08
3.250905783652498e-08
4.373315448067311e-08
5.6643867506497335e-08
6.499054066133379e-08
7.388067037712088e-08
7.629288208734114e-08
7.096702306061179e-08
5.954746526730975e-08
4.7186310690046934e-08
3.958576191331138e-08
3.4791436115921565e-08
3.292603278421519e-08
3.5538497420546326e-08
4.3507303282301167e-08
5.343470217051512e-08
6.366366143836932e-08
6.832784606178818e-08
7.10540588023626e-08
6.771912259376097e-08
6.088119570686781e-08
5.207832070431956e-08
4.556941560895564e-08
4.411541383140266e-08
4.611897728432225e-08
5.356150222910559e-08
6.083581919290213e-08
6.956536829497003e-08
7.347522127314084e-08
7.942782467026944e-08
8.073005484763199e-08
7.516982649697756e-08
6.399864614631995e-08
5.196809559652098e-08
4.540238845481054e-08
4.122098505582658e-08
3.9896495357202355e-08
4.2047442412047635e-08
4.982946827678404e-08
5.8678360875823114e-08
6.647159161818115e-08
6.753793953840671e-08
6.675809725995044e-08
6.141441509723496e-08
5.341975327366657e-08
4.396169328325876e-08
3.748699933474956e-08
3.734899591209344e-08
4.1160833869283944e-08
4.900431108068093e-08
5.542253262500955e-08
6.231960780943831e-08
6.46133478105096e-08
6.894583563401227e-08
6.851792023715866e-08
6.182218323228289e-08
4.987847565580787e-08
3.758130940873521e-08
3.040907151079617e-08
2.5659840901561148e-08
2.419722005511013e-08
2.6301134480579953e-08
3.382261083967601e-08
4.139507322355758e-08
4.9387814259895376e-08
5.21169951325159e-08
5.3206282859908295e-08
4.782989453866409e-08
3.7361316460499826e-08
2.424983645704452e-08
1.3301261948722642e-08
8.101819689996527e-09
7.606775910439601e-09
1.1318608731247907e-08
1.7507441007927276e-08
2.5568896611179755e-08
3.3143247480205924e-08
4.0906895115222984e-08
4.6829208529230787e-08
4.860456277160761e-08
4.613771165868386e-08
4.05415452355725e-08
3.575644901445736e-08
3.2299612004423954e-08
3.154185493732175e-08
3.457192170967686e-08
4.2409501154467724e-08
5.1515207112607946e-08
6.026089359371511e-08
6.253695543706991e-08
6.186399241692456e-08
5.465302090707353e-08
4.3281342150357446e-08
2.9551020970872722e-08
1.7379463304080548e-08
1.0748547364543385e-08
9.190582886275676e-09
1.2763572033522955e-08
1.9740145318333898e-08
2.8961292341354712e-08
3.7892403915363795e-08
4.6851226230691607e-08
5.397449912139548e-08
5.657593759712755e-08
5.467422913263138e-08
4.90078428319758e-08
4.448537050374152e-08
4.093796476844825e-08
4.0430334453056323e-08
4.316198277313648e-08
5.135009541531789e-08
6.013999773420818e-08
6.739189493316534e-08
6.688755775150319e-08
6.34708813649068e-08
5.4184723025903816e-08
4.143463805349312e-08
2.678693476998873e-08
1.490327006482336e-08
9.702132633329065e-09
9.718158845159129e-09
1.4935299493005446e-08
2.2119190977365178e-08
3.134228890508547e-08
3.887363071816951e-08
4.727006777470712e-08
5.278340767719355e-08
5.30832720833507e-08
4.821095104788943e-08
4.0475883107413436e-08
3.464200404681043e-08
3.022904777852295e-08
2.8527237878105564e-08
3.0317582727193826e-08
3.703533755053505e-08
4.4354012341014384e-08
5.159908703206917e-08
5.2891741924400846e-08
5.236409667965961e-08
4.5553031467836617e-08
3.496792667120953e-08
2.265092865950616e-08
1.376274824310706e-08
1.2029440136604133e-08
1.5452261285481905e-08
2.469939621273627e-08
3.4263273845014155e-08
4.557616451667006e-08
5.2846444464816653e-08
6.204777321307914e-08
6.554956370845161e-08
6.130912037828049e-08
5.0380724602335106e-08
3.810992328652543e-08
3.0407636199639974e-08
2.440136042253629e-08
2.1124499394734838e-08
2.1060310096671593e-08
2.639075915085422e-08
3.17449197278973e-08
3.73885910288127e-08
3.869025390555014e-08
3.952391673001066e-08
3.5309760674775866e-08
2.606113158908586e-08
1.4418191715844114e-08
5.375728618758177e-09
1.5241589613201887e-09
5.785142160990562e-10
3.6069177571153003e-10
9.855035507861322e-10
2.6838384609597875e-09
5.354833252652849e-09
9.430168877136973e-09
1.4204358302716317e-08
1.8672824396069153e-08
2.280061812455574e-08
2.734433972914679e-08
3.459616253008006e-08
4.079272696012887e-08
4.653833752704658e-08
5.138634899675542e-08
6.018575421015197e-08
6.830202561328663e-08
7.305738648251375e-08
6.908173533618203e-08
6.183292626146241e-08
4.9687447078082495e-08
3.463672310369337e-08
1.893887423774264e-08
7.442848927800905e-09
2.3340441025872146e-09
7.969230933755552e-10
1.842813964132346e-10
1.780688923948072e-10
4.669125595582833e-10
1.2118876438041826e-09
2.0751292192275145e-09
3.7278159806762375e-09
4.921399021545835e-09
6.721562082629654e-09
8.211725827431115e-09
1.1985146289250157e-08
1.71079132786475e-08
2.364216672525554e-08
3.0649222945289944e-08
3.923789100982167e-08
4.6738610120946915e-08
5.301564181876576e-08
5.2984282784438586e-08
5.0579484316281574e-08
4.22711286421868e-08
2.986542118871781e-08
1.621281696610904e-08
6.0788364220109206e-09
1.8034763410654091e-09
8.726910584648318e-10
1.0655774128892304e-09
2.7931862674514723e-09
5.827519333400938e-09
1.0937739653446922e-08
1.6703335349015815e-08
2.3209329928273385e-08
2.7530213946060675e-08
3.1956631861431565e-08
3.5069710642457764e-08
3.8335976951620174e-08
3.8927653871034296e-08
3.9424684169790536e-08
4.16949193929982e-08
4.9310809043947285e-08
5.7551072978184716e-08
6.430033807799511e-08
6.373312238957104e-08
6.055698169235749e-08
5.2090353051952854e-08
4.0206860632585724e-08
2.6510438669678295e-08
1.5312280617898463e-08
1.0215063622989635e-08
1.0015006196182192e-08
1.4791801205056355e-08
2.2370227932626666e-08
3.2370822192508164e-08
4.143576443751582e-08
5.0944521723798355e-08
5.809087777845941e-08
6.029763306272425e-08
5.7770473413465107e-08
5.1877052151920016e-08
4.8327814366774836e-08
4.5832990041260154e-08
4.650442000838874e-08
4.981023861658193e-08
5.887274561228437e-08
6.805330323732588e-08
7.498228699645162e-08
7.376534772444947e-08
6.995354832630582e-08
6.167580210475195e-08
5.1321730229961896e-08
4.121259118544763e-08
3.5641629466260377e-08
3.795296512396719e-08
4.485096864275474e-08
5.713634818041149e-08
6.912191810116082e-08
8.144729373838834e-08
8.718586224823044e-08
9.24113473056003e-08
9.185783104463399e-08
8.500778518667524e-08
7.384212622452694e-08
6.267560311626749e-08
5.833131850960971e-08
5.6240143882425685e-08
5.731896016485521e-08
6.091369826238189e-08
7.042781279609918e-08
7.889896977314993e-08
8.337324188562766e-08
7.809309217564962e-08
6.964111283075159e-08
5.631487814661862e-08
4.016179849694239e-08
2.3093024842287443e-08
1.0654998736914419e-08
5.965430748303926e-09
6.816039981737916e-09
1.1572806257134824e-08
1.894245399223989e-08
2.8336707689984804e-08
3.778866157371394e-08
4.708028852850032e-08
5.49159294631967e-08
5.837566305309854e-08
5.761569431949299e-08
5.274378255262668e-08
4.9138217716214194e-08
4.580421495130867e-08
4.545497106617559e-08
4.7743783995881565e-08
5.629047885572844e-08
6.557628007735117e-08
7.308831781930308e-08
7.271157203824664e-08
6.944008416955958e-08
6.075955152785614e-08
4.844733552110987e-08
3.3590364271455175e-08
2.0439856802853085e-08
1.1682615676179848e-08
6.904679725900064e-09
5.597488115962601e-09
8.055207155525714e-09
1.3422358491944504e-08
2.0322530883566466e-08
2.747823783851849e-08
3.390614588072923e-08
3.860188065080224e-08
4.128318596975354e-08
4.069406125768493e-08
3.8845610896372653e-08
3.599170371463056e-08
3.509453135200032e-08
3.712357535121038e-08
4.392294269171333e-08
5.1620293151408164e-08
5.8383212431130164e-08
5.832895688208532e-08
5.579634270209813e-08
4.76950185332065e-08
3.643925671853571e-08
2.3272471224440305e-08
1.2001208050651245e-08
5.3406391784035786e-09
2.0317613466184323e-09
7.032349331608681e-10
8.887279315870713e-10
2.053465016359869e-09
4.012241912029297e-09
7.056566378438706e-09
1.0451798903167394e-08
1.3352006360016266e-08
1.5357113358125847e-08
1.7197852524246256e-08
2.0039291895734978e-08
2.202586934147913e-08
2.382841017351497e-08
2.5976349498333553e-08
3.157633769478879e-08
3.692006067409878e-08
4.1931959496622694e-08
4.1766554849490404e-08
4.0490459378774934e-08
3.3855316718443105e-08
2.3505139774900107e-08
1.2128185420886505e-08
4.0919700591886605e-09
1.1045974388106163e-09
4.4708726997063896e-10
6.620288503242136e-11
2.2094843418482628e-12
0.0
0.0
0.0
0.0
1.416957426999351e-12
3.294543243735169e-11
2.6164335152040167e-10
1.1699352277559999e-09
3.1773920408561414e-09
6.88089450583556e-09
1.1878818604788218e-08
1.879614864397207e-08
2.4089487209518408e-08
2.8546553759022297e-08
2.965620210206723e-08
3.130881557382211e-08
2.8477292534927943e-08
2.0991204932203825e-08
1.1002851132523292e-08
3.6517531812194003e-09
1.0187554468087402e-09
6.677859012866881e-10
1.0551715959597832e-09
2.9251773377487115e-09
6.0656885055957035e-09
1.1332070821115269e-08
1.717913852573528e-08
2.385554366836009e-08
2.8373371086774007e-08
3.342985469435016e-08
3.732113113191533e-08
4.195437080787783e-08
4.384944990828451e-08
4.579913164043627e-08
4.860581617831625e-08
5.622174158324556e-08
6.294838409199877e-08
6.661473416221519e-08
6.207375427659143e-08
5.496315007887542e-08
4.34807561600672e-08
2.9421367999391113e-08
1.5160258593667848e-08
5.266076257510345e-09
1.4446807647264268e-09
5.433834495355721e-10
1.1238463863952105e-10
2.5612980261313807e-10
7.889443566109355e-10
2.0560206331977787e-09
3.593676166502241e-09
6.807911493983324e-09
9.800917251473098e-09
1.4713387127782686e-08
1.9582560669396228e-08
2.9061560073764683e-08
3.901387365066355e-08
4.94773833041152e-08
5.774682464256253e-08
6.75639707201569e-08
7.437576312369788e-08
7.652795220703398e-08
6.950545717224006e-08
5.989453853571264e-08
4.634587835089317e-08
3.069577035354694e-08
1.5505292645046707e-08
5.331523530067987e-09
1.4701378462732494e-09
5.462406757580323e-10
9.430781765508007e-11
3.3359396048886045e-12
0.0
0.0
0.0
5.508908763580816e-12
1.0402013767364562e-10
5.245262737450554e-10
1.7110440635935745e-09
4.360705848427461e-09
8.994199586540564e-09
1.6196411182424973e-08
2.4371527861336342e-08
3.38892681520176e-08
4.041491902453081e-08
4.592408771875748e-08
4.596385345614979e-08
4.4254929998843826e-08
3.6355518410172426e-08
2.4554648220946696e-08
1.2285784632908927e-08
4.052617954974567e-09
1.098291611899801e-09
4.4409266991256284e-10
5.813331663219721e-11
1.8394189454878587e-12
0.0
0.0
0.0
0.0
0.0
1.2743660784184544e-11
2.3907320523882197e-10
1.157963303563579e-09
3.3152857142017956e-09
7.145770773632383e-09
1.2596896660396985e-08
1.9866245229419316e-08
2.558949508152935e-08
3.0047132078244966e-08
3.1323031233298366e-08
3.320533786182465e-08
3.013196080134092e-08
2.1965044631442058e-08
1.1206457615584663e-08
3.5823110023744738e-09
9.96262678380113e-10
4.195412358862364e-10
4.881056797026051e-11
1.4498780473198524e-12
0.0
0.0
0.0
0.0
0.0
8.505228740162606e-12
1.697892785798308e-10
9.407204223923147e-10
2.7474279806509154e-09
6.167076126799404e-09
1.0837215864458776e-08
1.7604054324363982e-08
2.271843923042671e-08
2.716617997636658e-08
2.8086587662412196e-08
3.0144531887130033e-08
2.7723173311289702e-08
2.0639401134993814e-08
1.0757831438977862e-08
3.4476722240920707e-09
9.32969911113094e-10
4.135059563310311e-10
4.688657485102888e-11
1.367447982859771e-12
0.0
0.0
0.0
0.0
0.0
0.0
2.939804605582297e-11
4.823451215719861e-10
1.534858603408195e-09
4.011169612409941e-09
6.967076237491329e-09
1.2459554754586763e-08
1.6158338575372567e-08
2.0376891016525043e-08
2.055846120510512e-08
2.286276219018795e-08
2.178950507198359e-08
1.7101449348196553e-08
9.357698122814379e-09
3.003333795748435e-09
7.604896802476835e-10
3.8125541018059303e-10
3.973493695367105e-11
1.0885179967721554e-12
0.0
0.0
0.0
0.0
0.0
0.0
2.0506760785470834e-11
3.3712579276168394e-10
1.0815726763344843e-09
2.8332846209371533e-09
4.952423551431142e-09
8.853611477203284e-09
1.1561340343662175e-08
1.4594474847495112e-08
1.4820703716232459e-08
1.6437432383512853e-08
1.574062879534829e-08
1.244928841974441e-08
6.940152644877219e-09
2.3268014077389458e-09
6.091050226394548e-10
2.8627670978142103e-10
3.7092088407752804e-11
2.1030120675763532e-12
4.3999801510705906e-14
0.0
0.0
0.0
0.0
3.2026773222136893e-12
8.275880363444913e-11
6.639824517544102e-10
2.0320153478098465e-09
4.936448226831572e-09
8.661061097444588e-09
1.4810922446803152e-08
1.926665566591472e-08
2.3743704606719124e-08
2.432794268365378e-08
2.657490335878337e-08
2.5046560030473246e-08
1.933929010607938e-08
1.0519510389516591e-08
3.47188099688233e-09
9.114607840837315e-10
4.2581778353120774e-10
2.0248502369104035e-10
6.723059375663513e-10
1.8767779859382414e-09
3.917917199413127e-09
6.863899819818613e-09
1.0712546069078237e-08
1.4074282296887261e-08
1.7522017083975477e-08
2.0781942924896264e-08
2.6645386784210253e-08
3.2059690815153225e-08
3.7414894656751833e-08
4.222377406185793e-08
5.031069370267043e-08
5.81203168006648e-08
6.390296309372018e-08
6.190400809421799e-08
5.732910049113768e-08
4.748885047700441e-08
3.4799171785700513e-08
2.094392349117489e-08
1.0742206494933462e-08
7.599275749665364e-09
9.417936103018178e-09
1.610858211690565e-08
2.450735092304835e-08
3.533274365755694e-08
4.4497410228465654e-08
5.476791510798731e-08
6.191399878623282e-08
6.351907424705548e-08
5.990509383393393e-08
5.3051691401493824e-08
4.8838544077953665e-08
4.526019440476526e-08
4.434109498880441e-08
4.6071171761927485e-08
5.35356671063105e-08
6.138901527187276e-08
6.722735423731178e-08
6.538283710975046e-08
6.076371877761804e-08
5.124613789841607e-08
3.871769012130703e-08
2.5450881936917376e-08
1.5592575169327024e-08
1.2824238995194012e-08
1.4996045290042354e-08
2.348980060614623e-08
3.314615835747575e-08
4.538539441376273e-08
5.386162702017458e-08
6.4504245856729e-08
6.988352029521521e-08
6.795255470804135e-08
5.94449474138297e-08
4.9181695743136695e-08
4.358407187278412e-08
4.015263738185896e-08
3.937079123069444e-08
4.193032586460818e-08
4.940599495757941e-08
5.738012921437658e-08
6.370092818136569e-08
6.247743601287438e-08
5.84303710398078e-08
4.869440470825745e-08
3.6010005879916356e-08
2.2101490622223453e-08
1.1993563221243965e-08
9.655958907033226e-09
1.2797677755644165e-08
2.2275860223870258e-08
3.269164055437065e-08
4.588755103342855e-08
5.558231185786124e-08
6.74243472916508e-08
7.452058048211728e-08
7.436385919508939e-08
6.764264104150108e-08
5.838515138415084e-08
5.413837480321914e-08
5.131913214548148e-08
5.143543735892198e-08
5.396441725552548e-08
6.247738525775648e-08
7.060323782438738e-08
7.575528519745514e-08
7.187442978093859e-08
6.495883512498384e-08
5.297985634537195e-08
3.857207990566945e-08
2.3078817145373015e-08
1.1191106008791846e-08
5.388686916762399e-09
4.351437615058672e-09
6.4731657251050285e-09
1.2166257415452651e-08
1.9946977705100784e-08
2.948048555679896e-08
3.834963489683235e-08
4.7049541587094924e-08
5.319068210451984e-08
5.6758650919200717e-08
5.620901793727044e-08
5.558488216434134e-08
5.402986426087874e-08
5.490726610885433e-08
5.73336677523943e-08
6.503131868507306e-08
7.163188154262594e-08
7.416648842451481e-08
6.790895283641564e-08
5.8812929044561814e-08
4.594197012605207e-08
3.0840786670402136e-08
1.5918708470173396e-08
5.632383956001911e-09
1.5567689402580061e-09
5.644452479512234e-10
1.1035402311520659e-10
4.05178489257898e-12
0.0
0.0
3.913487762150578e-12
8.045557494506176e-11
4.863271921705848e-10
1.651052330059149e-09
4.231355887124043e-09
8.904701722487898e-09
1.6344701665467454e-08
2.5896729309756637e-08
3.6070764796186496e-08
4.621901437204084e-08
5.343744118771925e-08
5.784038784447061e-08
5.50694854715886e-08
4.926169470020434e-08
3.7876927539235947e-08
2.4454390982428117e-08
1.1816550618409492e-08
3.739929193041719e-09
1.012848429047478e-09
4.1357634546944944e-10
5.232736893470156e-11
1.3894355361820415e-10
4.2998850972514873e-10
1.1185322017686875e-09
1.9263302184993927e-09
3.6285772572789853e-09
5.2307658238121836e-09
8.120850649365041e-09
1.134888175625854e-08
1.7977632565354373e-08
2.5863317757902066e-08
3.50550941763836e-08
4.303892710284644e-08
5.2021798608170996e-08
5.8322285198350545e-08
6.147595565259632e-08
5.675812182182891e-08
4.9492006973425793e-08
3.7614373884647005e-08
2.416351232231354e-08
1.1562875336620052e-08
3.62239955074106e-09
9.789645040861695e-10
4.0363324661015515e-10
5.4022279155258216e-11
2.342697620405074e-10
7.281857427156757e-10
1.894234807848621e-09
3.2540389058469085e-09
5.997698472662199e-09
8.208341931672883e-09
1.1742672031574383e-08
1.461905488489364e-08
2.1119279720851238e-08
2.7849466293006242e-08
3.502759764026161e-08
4.036999429667461e-08
4.725304474738416e-08
5.256928849844674e-08
5.5493191474705934e-08
5.10729163133821e-08
4.4722367113871274e-08
3.440423885265725e-08
2.2531061311609493e-08
1.1043572596826937e-08
3.5400102489964952e-09
9.51370499652318e-10
3.925332552757562e-10
4.489943150183458e-11
1.3218641904058283e-12
0.0
0.0
0.0
0.0
0.0
0.0
1.320206452809326e-12
2.156337206255232e-11
6.733052909327563e-11
1.7514738940603726e-10
2.9990689919651857e-10
5.373240262933957e-10
6.858472522344454e-10
8.642951577725062e-10
8.592343663700706e-10
9.630906073244048e-10
9.072018674888092e-10
7.008095920329512e-10
3.6833760033380207e-10
1.0759682590396005e-10
2.618409464738497e-11
1.518237420730725e-11
6.601032264046632e-13
0.0
0.0
0.0
0.0
0.0
0.0
0.0
0.0
0.0
0.0
0.0
0.0
0.0
0.0
0.0
0.0
0.0
0.0
0.0
0.0
0.0
0.0
0.0
0.0
0.0
0.0
0.0
0.0
0.0
0.0
0.0
0.0
0.0
0.0
0.0
0.0
0.0
0.0
0.0
0.0
0.0
0.0
0.0
0.0
0.0
0.0
0.0
0.0
0.0
0.0
0.0
0.0
0.0
0.0
0.0
0.0
0.0
0.0
0.0
0.0
0.0
0.0
0.0
0.0
0.0
0.0
0.0
0.0
0.0
0.0
0.0
0.0
0.0
0.0
0.0
0.0
0.0
0.0
0.0
0.0
0.0
0.0
0.0
0.0
0.0
0.0
0.0
0.0
0.0
0.0
0.0
0.0
0.0
0.0
0.0
0.0
0.0
0.0
0.0
0.0
0.0
0.0
1.8125016327846724e-12
5.2598936173115064e-11
4.680183829533422e-10
1.4131904346686692e-09
3.46237583737344e-09
5.961327245825451e-09
1.0300454933147897e-08
1.31323533064129e-08
1.6233528123707164e-08
1.62879650712753e-08
1.8020155605381136e-08
1.676335706999604e-08
1.2712063945189956e-08
6.563252134771303e-09
1.910019490317244e-09
4.7690616839006e-10
2.653457934491612e-10
1.1497371418816038e-11
0.0
0.0
0.0
0.0
0.0
0.0
0.0
0.0
0.0
0.0
0.0
0.0
0.0
0.0
0.0
0.0
0.0
0.0
0.0
0.0
0.0
0.0
0.0
0.0
0.0
0.0
0.0
0.0
0.0
0.0
0.0
0.0
0.0
0.0
0.0
0.0
0.0
0.0
0.0
0.0
0.0
0.0
0.0
0.0
0.0
0.0
0.0
0.0
0.0
0.0
0.0
0.0
0.0
0.0
0.0
0.0
0.0
0.0
0.0
0.0
0.0
0.0
0.0
0.0
0.0
0.0
0.0
0.0
0.0
0.0
0.0
0.0
0.0
0.0
0.0
0.0
0.0
0.0
0.0
0.0
0.0
0.0
0.0
0.0
0.0
0.0
0.0
0.0
0.0
0.0
0.0
0.0
0.0
0.0
0.0
0.0
0.0
0.0
0.0
0.0
0.0
0.0
0.0
0.0
0.0
0.0
0.0
0.0
0.0
0.0
0.0
0.0
0.0
0.0
0.0
0.0
0.0
0.0
0.0
0.0
0.0
0.0
0.0
0.0
0.0
0.0
0.0
0.0
0.0
0.0
0.0
0.0
0.0
0.0
0.0
0.0
0.0
0.0
0.0
0.0
0.0
0.0
0.0
0.0
0.0
0.0
0.0
0.0
0.0
0.0
0.0
0.0
0.0
0.0
0.0
0.0
0.0
0.0
0.0
0.0
0.0
0.0
0.0
0.0
0.0
0.0
0.0
0.0
0.0
0.0
0.0
0.0
0.0
0.0
0.0
0.0
0.0
0.0
0.0
0.0
0.0
0.0
0.0
0.0
0.0
0.0
0.0
0.0
0.0
0.0
0.0
0.0
0.0
0.0
0.0
0.0
0.0
0.0
0.0
0.0
0.0
0.0
0.0
0.0
0.0
0.0
0.0
0.0
0.0
0.0
0.0
0.0
0.0
0.0
0.0
0.0
0.0
0.0
0.0
0.0
0.0
0.0
0.0
0.0
0.0
0.0
0.0
0.0
0.0
0.0
0.0
0.0
0.0
0.0
5.3062581144573995e-12
9.311762103301878e-11
3.858053748954194e-10
1.205062886552635e-09
2.7589052133672053e-09
5.713139424421447e-09
9.922720855161988e-09
1.560615164017259e-08
2.1723441487320925e-08
2.8034010908682197e-08
3.336652797972366e-08
3.616101473554497e-08
3.641336482092136e-08
3.397145575547955e-08
3.1141409716101965e-08
2.7957246297995693e-08
2.614575062501945e-08
2.646563987457047e-08
3.015740378974618e-08
3.399756242956851e-08
3.762895025437209e-08
3.621933680193852e-08
3.353940925989446e-08
2.6278150542671176e-08
1.7181294152058175e-08
8.263908795137302e-09
2.486268535988955e-09
6.465491227111165e-10
2.9894082517554604e-10
1.8775063555621384e-11
2.8103253528279343e-13
0.0
0.0
0.0
0.0
1.2900048220712915e-11
2.2234381979472377e-10
8.742048883290908e-10
2.732038459637313e-09
5.8078812932957326e-09
1.1362193610313342e-08
1.7376813686432904e-08
2.5129878436965975e-08
2.95941297251244e-08
3.409659932540619e-08
3.436623968697966e-08
3.3912432179250044e-08
2.7737283096679023e-08
1.817197608299518e-08
8.495838102460831e-09
2.509102312478747e-09
6.586474765455238e-10
3.063499041239737e-10
1.3066451653439157e-11
0.0
0.0
0.0
0.0
0.0
3.4811548262445974e-12
6.910986416202251e-11
4.0862696926970293e-10
1.6009993798256476e-09
4.1425319282508566e-09
8.931322242944189e-09
1.5680852189990813e-08
2.5233407644259886e-08
3.38750278249849e-08
4.259013047400147e-08
4.784133248851225e-08
5.2660617511810134e-08
5.094667872182242e-08
4.350005052354687e-08
3.2031105334263184e-08
2.1328977396514143e-08
1.3507112758122637e-08
8.293627497699153e-09
6.433601350153516e-09
8.543930439753559e-09
1.375758354872262e-08
2.0558305178160866e-08
2.7952837116167094e-08
3.490914625531959e-08
3.9958424152085847e-08
4.368632381988532e-08
4.4879006508725596e-08
4.6353439312141484e-08
4.587174715802819e-08
4.638648809390379e-08
4.728178680003283e-08
5.2332510828041746e-08
5.6412769628794895e-08
5.7932223385983776e-08
5.1618760143259884e-08
4.308930799098716e-08
3.117549306057637e-08
1.9194731377316184e-08
8.770332326056001e-09
2.5573241843338367e-09
6.674831862897667e-10
3.00949636369432e-10
1.279931486640607e-11
0.0
0.0
0.0
0.0
0.0
0.0
0.0
0.0
0.0
0.0
0.0
0.0
0.0
0.0
0.0
0.0
0.0
0.0
0.0
0.0
0.0
0.0
0.0
0.0
0.0
0.0
0.0
0.0
0.0
0.0
0.0
1.28501470031402e-11
2.0988573438462329e-10
6.553574971601501e-10
1.7047861690832667e-09
2.9191250608800147e-09
5.2300098302780606e-09
6.6756513681313335e-09
8.412562904722452e-09
8.36330400787708e-09
9.374182238790774e-09
8.830192682324506e-09
6.8212863675002555e-09
3.5851910138761157e-09
1.0472869807559262e-09
2.5486124889561387e-10
1.4777669053611227e-10
6.425073501570097e-12
0.0
0.0
0.0
0.0
0.0
0.0
6.07863579093029e-12
1.1848980192909346e-10
6.236989086211236e-10
1.7859086328022524e-09
3.928782131463558e-09
6.836835406864283e-09
1.097445615235506e-08
1.3956694541284406e-08
1.652932534840282e-08
1.6933890597471057e-08
1.818738784670837e-08
1.642406511716789e-08
1.1890815092389109e-08
5.853720255908554e-09
1.6858011233811946e-09
4.5081175558302246e-10
2.2390161735030015e-10
9.602708671949355e-12
0.0
0.0
0.0
0.0
0.0
0.0
0.0
0.0
0.0
0.0
0.0
0.0
0.0
0.0
0.0
0.0
0.0
0.0
0.0
0.0
0.0
0.0
0.0
0.0
0.0
0.0
0.0
0.0
0.0
0.0
0.0
0.0
0.0
0.0
0.0
0.0
0.0
0.0
0.0
0.0
0.0
0.0
0.0
0.0
0.0
0.0
0.0
0.0
0.0
0.0
0.0
0.0
0.0
0.0
0.0
2.1404909341904303e-11
3.498851434770154e-10
1.0960869054603438e-09
2.8535708082141342e-09
4.898517386140213e-09
8.773502072141328e-09
1.1230401463065351e-08
1.4154189434527815e-08
1.4108851823252915e-08
1.5791663465283392e-08
1.490689007558116e-08
1.1549090489566525e-08
6.116156899646094e-09
1.8202832703945653e-09
4.4666807635957243e-10
2.515436712458149e-10
1.3826133268936725e-11
1.3581211295585102e-13
0.0
0.0
0.0
0.0
0.0
0.0
0.0
0.0
0.0
0.0
0.0
0.0
0.0
0.0
0.0
0.0
0.0
2.2544045084754595e-11
3.7710337858667097e-10
1.3060820199620066e-09
3.639199370867857e-09
7.078370150833939e-09
1.3502127701914746e-08
2.028423609972127e-08
2.8912279354429347e-08
3.560493872530646e-08
4.359748138589004e-08
4.85336567416892e-08
4.8647431597042383e-08
4.405699848390605e-08
3.7106747505371254e-08
3.2063346702044e-08
2.7891758485126277e-08
2.6117860407616677e-08
2.756619190891036e-08
3.390187808152714e-08
4.084062022866673e-08
4.789166208020149e-08
4.966337207678207e-08
4.965111203454016e-08
4.390177568602044e-08
3.397036604347575e-08
2.1907628152053985e-08
1.1868432000193583e-08
6.7591062682612465e-09
5.3504775450218575e-09
6.9158963447660665e-09
1.041240757768498e-08
1.562958242307659e-08
2.0862645181964256e-08
2.6589699604980986e-08
3.104190057063959e-08
3.2840908227374394e-08
3.192551704458282e-08
2.8438227921085474e-08
2.481352765326358e-08
2.035552542185134e-08
1.7525964566837445e-08
1.6639741153667393e-08
2.002432741950004e-08
2.3008056760326844e-08
2.665051756396829e-08
2.6770850273237857e-08
2.725136719863733e-08
2.3164092546965693e-08
1.5886414160546516e-08
7.660695959202674e-09
2.2461140097783926e-09
5.842247366444431e-10
2.868794138271399e-10
1.229743034328944e-11
0.0
0.0
0.0
0.0
0.0
0.0
0.0
0.0
0.0
0.0
0.0
0.0
0.0
0.0
0.0
0.0
0.0
0.0
0.0
0.0
0.0
0.0
0.0
0.0
0.0
0.0
0.0
0.0
0.0
0.0
0.0
0.0
0.0
0.0
0.0
0.0
0.0
0.0
0.0
0.0
0.0
0.0
0.0
0.0
0.0
0.0
0.0
0.0
0.0
0.0
0.0
0.0
0.0
0.0
0.0
0.0
0.0
0.0
0.0
0.0
0.0
0.0
0.0
0.0
0.0
0.0
0.0
0.0
0.0
0.0
0.0
0.0
0.0
0.0
0.0
0.0
0.0
0.0
0.0
0.0
0.0
0.0
0.0
0.0
0.0
0.0
0.0
0.0
0.0
0.0
0.0
0.0
0.0
0.0
0.0
0.0
0.0
0.0
0.0
0.0
0.0
0.0
0.0
0.0
0.0
0.0
0.0
0.0
0.0
0.0
0.0
0.0
0.0
0.0
0.0
0.0
0.0
0.0
0.0
0.0
0.0
0.0
0.0
0.0
0.0
0.0
0.0
0.0
0.0
0.0
0.0
0.0
0.0
0.0
0.0
0.0
0.0
0.0
0.0
0.0
0.0
0.0
0.0
0.0
0.0
0.0
0.0
0.0
0.0
0.0
0.0
0.0
0.0
0.0
0.0
0.0
0.0
0.0
0.0
0.0
0.0
0.0
0.0
0.0
0.0
0.0
0.0
0.0
0.0
0.0
0.0
0.0
0.0
0.0
0.0
0.0
0.0
0.0
0.0
0.0
0.0
0.0
0.0
0.0
0.0
0.0
0.0
0.0
0.0
0.0
0.0
0.0
0.0
0.0
0.0
0.0
0.0
0.0
0.0
0.0
0.0
0.0
0.0
0.0
0.0
0.0
0.0
0.0
0.0
0.0
0.0
0.0
0.0
0.0
0.0
0.0
0.0
0.0
0.0
0.0
0.0
0.0
0.0
0.0
0.0
0.0
0.0
0.0
0.0
0.0
0.0
0.0
0.0
0.0
0.0
0.0
0.0
0.0
0.0
0.0
0.0
0.0
0.0
0.0
0.0
0.0
0.0
0.0
0.0
0.0
0.0
0.0
0.0
0.0
0.0
0.0
0.0
0.0
0.0
0.0
0.0
0.0
0.0
0.0
0.0
0.0
0.0
0.0
0.0
0.0
0.0
0.0
0.0
0.0
0.0
0.0
0.0
0.0
0.0
0.0
0.0
0.0
0.0
0.0
0.0
0.0
0.0
0.0
0.0
0.0
0.0
0.0
0.0
0.0
0.0
0.0
0.0
0.0
0.0
0.0
0.0
0.0
0.0
0.0
0.0
0.0
0.0
0.0
0.0
0.0
0.0
0.0
0.0
0.0
0.0
0.0
0.0
0.0
0.0
0.0
0.0
0.0
0.0
0.0
0.0
0.0
0.0
0.0
0.0
0.0
0.0
0.0
0.0
0.0
0.0
0.0
0.0
0.0
0.0
0.0
0.0
0.0
0.0
0.0
0.0
0.0
0.0
0.0
0.0
0.0
0.0
0.0
0.0
0.0
0.0
0.0
0.0
0.0
0.0
0.0
0.0
0.0
0.0
0.0
0.0
0.0
0.0
0.0
0.0
0.0
0.0
0.0
0.0
0.0
0.0
0.0
0.0
0.0
0.0
0.0
0.0
0.0
0.0
0.0
0.0
0.0
0.0
0.0
0.0
0.0
0.0
0.0
0.0
0.0
0.0
0.0
0.0
0.0
0.0
0.0
0.0
0.0
0.0
0.0
0.0
0.0
0.0
0.0
0.0
0.0
0.0
0.0
0.0
0.0
0.0
0.0
0.0
0.0
0.0
0.0
0.0
0.0
0.0
0.0
0.0
0.0
0.0
0.0
0.0
0.0
0.0
0.0
0.0
0.0
0.0
0.0
0.0
0.0
0.0
0.0
0.0
0.0
0.0
0.0
0.0
0.0
0.0
0.0
0.0
0.0
0.0
0.0
0.0
0.0
0.0
0.0
0.0
0.0
0.0
0.0
0.0
0.0
0.0
0.0
0.0
0.0
0.0
0.0
0.0
0.0
0.0
0.0
0.0
0.0
0.0
0.0
0.0
0.0
0.0
0.0
0.0
0.0
0.0
0.0
0.0
0.0
0.0
0.0
0.0
0.0
0.0
0.0
0.0
0.0
0.0
0.0
0.0
0.0
0.0
0.0
0.0
0.0
0.0
0.0
0.0
0.0
0.0
0.0
0.0
0.0
0.0
0.0
0.0
0.0
0.0
0.0
0.0
0.0
0.0
0.0
0.0
0.0
0.0
0.0
0.0
0.0
0.0
0.0
0.0
0.0
0.0
0.0
0.0
0.0
0.0
0.0
0.0
0.0
0.0
0.0
0.0
0.0
0.0
0.0
0.0
0.0
0.0
0.0
0.0
0.0
0.0
0.0
0.0
0.0
0.0
0.0
0.0
0.0
0.0
0.0
0.0
0.0
0.0
0.0
0.0
0.0
0.0
0.0
0.0
0.0
0.0
0.0
0.0
0.0
0.0
0.0
0.0
0.0
0.0
0.0
0.0
0.0
0.0
0.0
0.0
0.0
0.0
0.0
0.0
0.0
0.0
0.0
0.0
0.0
0.0
0.0
0.0
0.0
0.0
0.0
0.0
0.0
0.0
0.0
0.0
0.0
0.0
0.0
0.0
0.0
0.0
0.0
0.0
0.0
0.0
0.0
0.0
0.0
0.0
0.0
0.0
0.0
0.0
0.0
0.0
0.0
0.0
0.0
0.0
0.0
0.0
0.0
0.0
0.0
0.0
0.0
0.0
0.0
0.0
0.0
0.0
0.0
0.0
0.0
0.0
0.0
0.0
0.0
0.0
0.0
0.0
0.0
0.0
0.0
0.0
0.0
0.0
0.0
0.0
0.0
0.0
0.0
0.0
0.0
0.0
0.0
0.0
0.0
0.0
0.0
0.0
0.0
0.0
0.0
0.0
0.0
0.0
0.0
0.0
0.0
0.0
0.0
0.0
0.0
0.0
0.0
0.0
0.0
0.0
0.0
0.0
0.0
0.0
0.0
0.0
0.0
0.0
0.0
0.0
0.0
0.0
0.0
0.0
0.0
0.0
0.0
0.0
0.0
0.0
0.0
0.0
0.0
0.0
0.0
0.0
0.0
0.0
0.0
0.0
0.0
0.0
0.0
0.0
0.0
0.0
0.0
0.0
0.0
0.0
0.0
0.0
0.0
0.0
0.0
0.0
0.0
0.0
0.0
0.0
0.0
0.0
0.0
0.0
0.0
0.0
0.0
0.0
0.0
0.0
0.0
0.0
0.0
0.0
0.0
0.0
0.0
0.0
0.0
0.0
0.0
0.0
0.0
0.0
0.0
0.0
0.0
0.0
0.0
0.0
0.0
0.0
0.0
0.0
0.0
0.0
0.0
0.0
0.0
0.0
0.0
0.0
0.0
0.0
0.0
0.0
0.0
0.0
0.0
0.0
0.0
0.0
0.0
0.0
0.0
0.0
0.0
0.0
0.0
0.0
0.0
0.0
0.0
0.0
0.0
0.0
0.0
0.0
0.0
0.0
0.0
0.0
0.0
0.0
0.0
0.0
0.0
0.0
0.0
0.0
0.0
0.0
0.0
0.0
0.0
0.0
0.0
0.0
0.0
0.0
0.0
0.0
0.0
0.0
0.0
0.0
0.0
0.0
0.0
0.0
0.0
0.0
0.0
0.0
0.0
0.0
0.0
0.0
0.0
0.0
0.0
0.0
0.0
0.0
0.0
0.0
0.0
0.0
0.0
0.0
0.0
0.0
0.0
0.0
0.0
0.0
0.0
0.0
0.0
0.0
0.0
0.0
0.0
0.0
0.0
0.0
0.0
0.0
0.0
0.0
0.0
0.0
0.0
0.0
0.0
0.0
0.0
0.0
0.0
0.0
0.0
0.0
0.0
0.0
0.0
0.0
0.0
0.0
0.0
0.0
0.0
0.0
0.0
0.0
0.0
0.0
0.0
0.0
0.0
0.0
0.0
0.0
0.0
0.0
0.0
0.0
0.0
0.0
0.0
0.0
0.0
0.0
0.0
0.0
0.0
0.0
0.0
0.0
0.0
0.0
0.0
0.0
0.0
0.0
0.0
0.0
0.0
0.0
0.0
0.0
0.0
0.0
0.0
0.0
0.0
0.0
0.0
0.0
0.0
0.0
0.0
0.0
0.0
0.0
0.0
0.0
0.0
0.0
0.0
0.0
0.0
0.0
0.0
0.0
0.0
0.0
0.0
0.0
0.0
0.0
0.0
0.0
0.0
0.0
0.0
0.0
0.0
0.0
0.0
0.0
0.0
0.0
0.0
0.0
0.0
0.0
0.0
0.0
0.0
0.0
0.0
0.0
0.0
0.0
0.0
0.0
0.0
0.0
0.0
0.0
0.0
0.0
0.0
0.0
0.0
0.0
0.0
0.0
0.0
0.0
0.0
0.0
0.0
0.0
0.0
0.0
0.0
0.0
0.0
0.0
0.0
0.0
0.0
0.0
0.0
0.0
0.0
0.0
0.0
0.0
0.0
0.0
0.0
0.0
0.0
0.0
0.0
0.0
0.0
0.0
0.0
0.0
0.0
0.0
0.0
0.0
0.0
0.0
0.0
0.0
0.0
0.0
0.0
0.0
0.0
0.0
0.0
0.0
0.0
0.0
0.0
0.0
0.0
0.0
0.0
0.0
0.0
0.0
0.0
0.0
0.0
0.0
0.0
0.0
0.0
0.0
0.0
0.0
0.0
0.0
0.0
0.0
0.0
0.0
0.0
0.0
0.0
0.0
0.0
0.0
0.0
0.0
0.0
0.0
0.0
0.0
0.0
0.0
0.0
0.0
0.0
0.0
0.0
0.0
0.0
0.0
0.0
0.0
0.0
0.0
0.0
0.0
0.0
0.0
0.0
0.0
0.0
0.0
0.0
0.0
0.0
0.0
0.0
0.0
0.0
0.0
0.0
0.0
0.0
0.0
0.0
0.0
0.0
0.0
0.0
0.0
0.0
0.0
0.0
0.0
0.0
0.0
0.0
0.0
0.0
0.0
0.0
0.0
0.0
0.0
0.0
0.0
0.0
0.0
0.0
0.0
0.0
0.0
0.0
0.0
0.0
0.0
0.0
0.0
0.0
0.0
0.0
0.0
0.0
0.0
0.0
0.0
0.0
0.0
0.0
0.0
0.0
0.0
0.0
0.0
0.0
0.0
0.0
0.0
0.0
0.0
0.0
0.0
0.0
0.0
0.0
0.0
0.0
0.0
0.0
0.0
0.0
0.0
0.0
0.0
0.0
0.0
0.0
0.0
0.0
0.0
0.0
0.0
0.0
0.0
0.0
0.0
0.0
0.0
0.0
0.0
0.0
0.0
0.0
0.0
0.0
0.0
0.0
0.0
0.0
0.0
0.0
0.0
0.0
0.0
0.0
0.0
0.0
0.0
0.0
0.0
0.0
0.0
0.0
0.0
0.0
0.0
0.0
0.0
0.0
0.0
0.0
0.0
0.0
0.0
0.0
0.0
0.0
0.0
0.0
0.0
0.0
0.0
0.0
0.0
0.0
0.0
0.0
0.0
0.0
0.0
0.0
0.0
0.0
0.0
0.0
0.0
0.0
0.0
0.0
0.0
0.0
0.0
0.0
0.0
0.0
0.0
0.0
0.0
0.0
0.0
0.0
0.0
0.0
0.0
0.0
0.0
0.0
0.0
0.0
0.0
0.0
0.0
0.0
0.0
0.0
0.0
0.0
0.0
0.0
0.0
0.0
0.0
0.0
0.0
0.0
0.0
0.0
0.0
0.0
0.0
0.0
0.0
0.0
0.0
0.0
0.0
0.0
0.0
0.0
0.0
0.0
0.0
0.0
0.0
0.0
0.0
0.0
0.0
0.0
0.0
0.0
0.0
0.0
0.0
0.0
0.0
0.0
0.0
0.0
0.0
0.0
0.0
0.0
0.0
0.0
0.0
0.0
0.0
0.0
0.0
0.0
0.0
0.0
0.0
0.0
0.0
0.0
0.0
0.0
0.0
0.0
0.0
0.0
0.0
0.0
0.0
0.0
0.0
0.0
0.0
0.0
0.0
0.0
0.0
0.0
0.0
0.0
0.0
0.0
0.0
0.0
0.0
0.0
0.0
0.0
0.0
0.0
0.0
0.0
0.0
0.0
0.0
0.0
0.0
0.0
0.0
0.0
0.0
0.0
0.0
0.0
0.0
0.0
0.0
0.0
0.0
0.0
0.0
0.0
0.0
0.0
0.0
0.0
0.0
0.0
0.0
0.0
0.0
0.0
0.0
0.0
0.0
0.0
0.0
0.0
0.0
0.0
0.0
0.0
0.0
0.0
0.0
0.0
0.0
0.0
0.0
0.0
0.0
0.0
0.0
0.0
0.0
0.0
0.0
0.0
0.0
0.0
0.0
0.0
0.0
0.0
0.0
0.0
0.0
0.0
0.0
0.0
0.0
0.0
0.0
0.0
0.0
0.0
0.0
0.0
0.0
0.0
0.0
0.0
0.0
0.0
0.0
0.0
0.0
0.0
0.0
0.0
0.0
0.0
0.0
0.0
0.0
0.0
0.0
0.0
0.0
0.0
0.0
0.0
0.0
0.0
0.0
0.0
0.0
0.0
0.0
0.0
0.0
0.0
0.0
0.0
0.0
0.0
0.0
0.0
0.0
0.0
0.0
0.0
0.0
0.0
0.0
0.0
0.0
0.0
0.0
0.0
0.0
0.0
0.0
0.0
0.0
0.0
0.0
0.0
0.0
0.0
0.0
0.0
0.0
0.0
0.0
0.0
0.0
0.0
0.0
0.0
0.0
0.0
0.0
0.0
0.0
0.0
0.0
0.0
0.0
0.0
0.0
0.0
0.0
0.0
0.0
0.0
0.0
0.0
0.0
0.0
0.0
0.0
0.0
0.0
0.0
0.0
0.0
0.0
0.0
0.0
0.0
0.0
0.0
0.0
0.0
0.0
0.0
0.0
0.0
0.0
0.0
0.0
0.0
0.0
0.0
0.0
0.0
0.0
0.0
0.0
0.0
0.0
0.0
0.0
0.0
0.0
0.0
0.0
0.0
0.0
0.0
0.0
0.0
0.0
0.0
0.0
0.0
0.0
0.0
0.0
0.0
0.0
0.0
0.0
0.0
0.0
0.0
0.0
0.0
0.0
0.0
0.0
0.0
0.0
0.0
0.0
0.0
0.0
0.0
0.0
0.0
0.0
0.0
0.0
0.0
0.0
0.0
0.0
0.0
0.0
0.0
0.0
0.0
0.0
0.0
0.0
0.0
0.0
0.0
0.0
0.0
0.0
0.0
0.0
0.0
0.0
0.0
0.0
0.0
0.0
0.0
0.0
0.0
0.0
0.0
0.0
0.0
0.0
0.0
0.0
0.0
0.0
0.0
0.0
0.0
0.0
0.0
0.0
0.0
0.0
0.0
0.0
0.0
0.0
0.0
0.0
0.0
0.0
0.0
0.0
0.0
0.0
0.0
0.0
0.0
0.0
0.0
0.0
0.0
0.0
0.0
0.0
0.0
0.0
0.0
0.0
0.0
0.0
0.0
0.0
0.0
0.0
0.0
0.0
0.0
0.0
0.0
0.0
0.0
0.0
0.0
0.0
0.0
0.0
0.0
0.0
0.0
0.0
0.0
0.0
0.0
0.0
0.0
0.0
0.0
0.0
0.0
0.0
0.0
0.0
0.0
0.0
0.0
0.0
0.0
0.0
0.0
0.0
0.0
0.0
0.0
0.0
0.0
0.0
0.0
0.0
0.0
0.0
0.0
0.0
0.0
0.0
0.0
0.0
0.0
0.0
0.0
0.0
0.0
0.0
0.0
0.0
0.0
0.0
0.0
0.0
0.0
0.0
0.0
0.0
0.0
0.0
0.0
0.0
0.0
0.0
0.0
0.0
0.0
0.0
0.0
0.0
0.0
0.0
0.0
0.0
0.0
0.0
0.0
0.0
0.0
0.0
0.0
0.0
0.0
0.0
0.0
0.0
0.0
0.0
0.0
0.0
0.0
0.0
0.0
0.0
0.0
0.0
0.0
0.0
0.0
0.0
0.0
0.0
0.0
0.0
0.0
0.0
0.0
0.0
0.0
0.0
0.0
0.0
0.0
0.0
0.0
0.0
0.0
0.0
0.0
0.0
0.0
0.0
0.0
0.0
0.0
0.0
0.0
0.0
0.0
0.0
0.0
0.0
0.0
0.0
0.0
0.0
0.0
0.0
0.0
0.0
0.0
0.0
0.0
0.0
0.0
0.0
0.0
0.0
0.0
0.0
0.0
0.0
0.0
0.0
0.0
0.0
0.0
0.0
0.0
0.0
0.0
0.0
0.0
0.0
0.0
0.0
0.0
0.0
0.0
0.0
0.0
0.0
0.0
0.0
0.0
0.0
0.0
0.0
0.0
0.0
0.0
0.0
0.0
0.0
0.0
0.0
0.0
0.0
0.0
0.0
0.0
0.0
0.0
0.0
0.0
0.0
0.0
0.0
0.0
0.0
0.0
0.0
0.0
0.0
0.0
0.0
0.0
0.0
0.0
0.0
0.0
0.0
0.0
0.0
0.0
0.0
0.0
0.0
0.0
0.0
0.0
0.0
0.0
0.0
0.0
0.0
0.0
0.0
0.0
0.0
0.0
0.0
0.0
0.0
0.0
0.0
0.0
0.0
0.0
0.0
0.0
0.0
0.0
0.0
0.0
0.0
0.0
0.0
0.0
0.0
0.0
0.0
0.0
0.0
0.0
0.0
0.0
0.0
0.0
0.0
0.0
0.0
0.0
0.0
0.0
0.0
0.0
0.0
0.0
0.0
0.0
0.0
0.0
0.0
0.0
0.0
0.0
0.0
0.0
0.0
0.0
0.0
0.0
0.0
0.0
0.0
0.0
0.0
0.0
0.0
0.0
0.0
0.0
0.0
0.0
0.0
0.0
0.0
0.0
0.0
0.0
0.0
0.0
0.0
0.0
0.0
0.0
0.0
0.0
0.0
0.0
0.0
0.0
0.0
0.0
0.0
0.0
0.0
0.0
0.0
0.0
0.0
0.0
0.0
0.0
0.0
0.0
0.0
0.0
0.0
0.0
0.0
0.0
0.0
0.0
0.0
0.0
0.0
0.0
0.0
0.0
0.0
0.0
0.0
0.0
0.0
0.0
0.0
0.0
0.0
0.0
0.0
0.0
0.0
0.0
0.0
0.0
0.0
0.0
0.0
0.0
0.0
0.0
0.0
0.0
0.0
0.0
0.0
0.0
0.0
0.0
0.0
0.0
0.0
0.0
0.0
0.0
0.0
0.0
0.0
0.0
0.0
0.0
0.0
0.0
0.0
0.0
0.0
0.0
0.0
0.0
0.0
0.0
0.0
0.0
0.0
0.0
0.0
0.0
0.0
0.0
0.0
0.0
0.0
0.0
0.0
0.0
0.0
0.0
0.0
0.0
0.0
0.0
0.0
0.0
0.0
0.0
0.0
0.0
0.0
0.0
0.0
0.0
0.0
0.0
0.0
0.0
0.0
0.0
0.0
0.0
0.0
0.0
0.0
0.0
0.0
0.0
0.0
0.0
0.0
0.0
0.0
0.0
0.0
0.0
0.0
0.0
0.0
0.0
0.0
0.0
0.0
0.0
0.0
0.0
0.0
0.0
0.0
0.0
0.0
0.0
0.0
0.0
0.0
0.0
0.0
0.0
0.0
0.0
0.0
0.0
0.0
0.0
0.0
0.0
0.0
0.0
0.0
0.0
0.0
0.0
0.0
0.0
0.0
0.0
0.0
0.0
0.0
0.0
0.0
0.0
0.0
0.0
0.0
0.0
0.0
0.0
0.0
0.0
0.0
0.0
0.0
0.0
0.0
0.0
0.0
0.0
0.0
0.0
0.0
0.0
0.0
0.0
0.0
0.0
0.0
0.0
0.0
0.0
0.0
0.0
0.0
0.0
0.0
0.0
0.0
0.0
0.0
0.0
0.0
0.0
0.0
0.0
0.0
0.0
0.0
0.0
0.0
0.0
0.0
0.0
0.0
0.0
0.0
0.0
0.0
0.0
0.0
0.0
0.0
0.0
0.0
0.0
0.0
0.0
0.0
0.0
0.0
0.0
0.0
0.0
0.0
0.0
0.0
0.0
0.0
0.0
0.0
0.0
0.0
0.0
0.0
0.0
0.0
0.0
0.0
0.0
0.0
0.0
0.0
0.0
0.0
0.0
0.0
0.0
0.0
0.0
0.0
0.0
0.0
0.0
0.0
0.0
0.0
0.0
0.0
0.0
0.0
0.0
0.0
0.0
0.0
0.0
0.0
0.0
0.0
0.0
0.0
0.0
0.0
0.0
0.0
0.0
0.0
0.0
0.0
0.0
0.0
0.0
0.0
0.0
0.0
0.0
0.0
0.0
0.0
0.0
0.0
0.0
0.0
0.0
0.0
0.0
0.0
0.0
0.0
0.0
0.0
0.0
0.0
0.0
0.0
0.0
0.0
0.0
0.0
0.0
0.0
0.0
0.0
0.0
0.0
0.0
0.0
0.0
0.0
0.0
0.0
0.0
0.0
0.0
0.0
0.0
0.0
0.0
0.0
0.0
0.0
0.0
0.0
0.0
0.0
0.0
0.0
0.0
0.0
0.0
0.0
0.0
0.0
0.0
0.0
0.0
0.0
0.0
0.0
0.0
0.0
0.0
0.0
0.0
0.0
0.0
0.0
0.0
0.0
0.0
0.0
0.0
0.0
0.0
0.0
0.0
0.0
0.0
0.0
0.0
0.0
0.0
0.0
0.0
0.0
0.0
0.0
0.0
0.0
0.0
0.0
0.0
0.0
0.0
0.0
0.0
0.0
0.0
0.0
0.0
0.0
0.0
0.0
0.0
0.0
0.0
0.0
0.0
0.0
0.0
0.0
0.0
0.0
0.0
0.0
0.0
0.0
0.0
0.0
0.0
0.0
0.0
0.0
0.0
0.0
0.0
0.0
0.0
0.0
0.0
0.0
0.0
0.0
0.0
0.0
0.0
0.0
0.0
0.0
0.0
0.0
0.0
0.0
0.0
0.0
0.0
0.0
0.0
0.0
0.0
0.0
0.0
0.0
0.0
0.0
0.0
0.0
0.0
0.0
0.0
0.0
0.0
0.0
0.0
0.0
0.0
0.0
0.0
0.0
0.0
0.0
0.0
0.0
0.0
0.0
0.0
0.0
0.0
0.0
0.0
0.0
0.0
0.0
0.0
0.0
0.0
0.0
0.0
0.0
0.0
0.0
0.0
0.0
0.0
0.0
0.0
0.0
0.0
0.0
0.0
0.0
0.0
0.0
0.0
0.0
0.0
0.0
0.0
0.0
0.0
0.0
0.0
0.0
0.0
0.0
0.0
0.0
0.0
0.0
0.0
0.0
0.0
0.0
0.0
0.0
0.0
0.0
0.0
0.0
0.0
0.0
0.0
0.0
0.0
0.0
0.0
0.0
0.0
0.0
0.0
0.0
0.0
0.0
0.0
0.0
0.0
0.0
0.0
0.0
0.0
0.0
0.0
0.0
0.0
0.0
0.0
0.0
0.0
0.0
0.0
0.0
0.0
0.0
0.0
0.0
0.0
0.0
0.0
0.0
0.0
0.0
0.0
0.0
0.0
0.0
0.0
0.0
0.0
0.0
0.0
0.0
0.0
0.0
0.0
0.0
0.0
0.0
0.0
0.0
0.0
0.0
0.0
0.0
0.0
0.0
0.0
0.0
0.0
0.0
0.0
0.0
0.0
0.0
0.0
0.0
0.0
0.0
0.0
0.0
0.0
0.0
0.0
0.0
0.0
0.0
0.0
0.0
0.0
0.0
0.0
0.0
0.0
0.0
0.0
0.0
0.0
0.0
0.0
0.0
0.0
0.0
0.0
0.0
0.0
0.0
0.0
0.0
0.0
0.0
0.0
0.0
0.0
0.0
0.0
0.0
0.0
0.0
0.0
0.0
0.0
0.0
0.0
0.0
0.0
0.0
0.0
0.0
0.0
0.0
0.0
0.0
0.0
0.0
0.0
0.0
0.0
0.0
0.0
0.0
0.0
0.0
0.0
0.0
0.0
0.0
0.0
0.0
0.0
0.0
0.0
0.0
0.0
0.0
0.0
0.0
0.0
0.0
0.0
0.0
0.0
0.0
0.0
0.0
0.0
0.0
0.0
0.0
0.0
0.0
0.0
0.0
0.0
0.0
0.0
0.0
0.0
0.0
0.0
0.0
0.0
0.0
0.0
0.0
0.0
0.0
0.0
0.0
0.0
0.0
0.0
0.0
0.0
0.0
0.0
0.0
0.0
0.0
0.0
0.0
0.0
0.0
0.0
0.0
0.0
0.0
0.0
0.0
0.0
0.0
0.0
0.0
0.0
0.0
0.0
0.0
0.0
0.0
0.0
0.0
0.0
0.0
0.0
0.0
0.0
0.0
0.0
0.0
0.0
0.0
0.0
0.0
0.0
0.0
0.0
0.0
0.0
0.0
0.0
0.0
0.0
0.0
0.0
0.0
0.0
0.0
0.0
0.0
0.0
0.0
0.0
0.0
0.0
0.0
0.0
0.0
0.0
0.0
0.0
0.0
0.0
0.0
0.0
0.0
0.0
0.0
0.0
0.0
0.0
0.0
0.0
0.0
0.0
0.0
0.0
0.0
0.0
0.0
0.0
0.0
0.0
0.0
0.0
0.0
0.0
0.0
0.0
0.0
0.0
0.0
0.0
0.0
0.0
0.0
0.0
0.0
0.0
0.0
0.0
0.0
0.0
0.0
0.0
0.0
0.0
0.0
0.0
0.0
0.0
0.0
0.0
0.0
0.0
0.0
0.0
0.0
0.0
0.0
0.0
0.0
0.0
0.0
0.0
0.0
0.0
0.0
0.0
0.0
0.0
0.0
0.0
1.4107575649377196e-11
2.3042373560649418e-10
7.194863581182369e-10
1.8716050361507077e-09
3.204770935016853e-09
5.7417832892965184e-09
7.328885549851455e-09
9.235759525125603e-09
9.181680485136325e-09
1.0291476436220665e-08
9.694255733730363e-09
7.488771407211063e-09
3.936013606176238e-09
1.1497674154242413e-09
2.798002503793143e-10
1.6223711996783774e-10
7.0537878246885955e-12
0.0
0.0
0.0
0.0
0.0
0.0
0.0
1.2922273492005948e-11
2.156221147500405e-10
7.380798454927933e-10
2.0237163387073615e-09
3.8063198294057386e-09
7.016515564392616e-09
9.912384294934397e-09
1.3256176205169983e-08
1.4772075624822811e-08
1.6780219805797434e-08
1.6939885823009235e-08
1.523365194362994e-08
1.1547842643032309e-08
7.952389659789178e-09
6.775034529463269e-09
7.587417904182132e-09
1.1565520422221875e-08
1.578900453138401e-08
2.129743443823117e-08
2.45144140543781e-08
2.903725416667588e-08
3.094850882859689e-08
2.9222563224748294e-08
2.3948404786442997e-08
1.770662872090581e-08
1.3537282171281622e-08
1.002192711079316e-08
7.312967515810202e-09
5.799819286703946e-09
7.018207066941092e-09
8.391278592213067e-09
1.041853758282829e-08
1.0379798025280555e-08
1.1578305279998337e-08
1.0980617940785061e-08
8.561275951065754e-09
4.607845278639126e-09
1.4250087609263137e-09
3.55451857151214e-10
1.8862453579645215e-10
1.4980904467960867e-11
3.1867084529968913e-13
0.0
0.0
0.0
0.0
0.0
2.5651999870749754e-12
6.965363702266912e-11
5.852454079384289e-10
1.7735210896761757e-09
4.320147381708203e-09
7.49274166031699e-09
1.2874962707986013e-08
1.6538839093745264e-08
2.040238679894648e-08
2.0644103419174814e-08
2.271478289521802e-08
2.1223935104234354e-08
1.6193017260324843e-08
8.527433609054632e-09
2.619280109331045e-09
7.498123529156065e-10
7.528257760976057e-10
1.3577338337544693e-09
3.2097015767894773e-09
6.359621306788004e-09
1.0841435715055128e-08
1.5813465901574805e-08
2.064443106987657e-08
2.3860925196521084e-08
2.635471883293304e-08
2.694410429376539e-08
2.6631505166992044e-08
2.4459270473643805e-08
2.350058230275305e-08
2.4882184996871514e-08
3.099266884326313e-08
3.6949133646142337e-08
4.3253985065472996e-08
4.432963105196415e-08
4.440241945084887e-08
3.853269336478052e-08
2.8858924763996166e-08
1.703568246715473e-08
7.620650398579061e-09
2.8176982874976164e-09
1.0697812910852225e-09
7.595033178942165e-10
1.7485198669035434e-09
3.5882722519491832e-09
6.744090848787963e-09
1.0410758122897936e-08
1.4440950670631266e-08
1.700222370724965e-08
1.9177675399303528e-08
2.032218139541919e-08
2.1398179093607333e-08
2.0759489707324955e-08
2.0803929652224865e-08
2.225302724178294e-08
2.7985027990061747e-08
3.2833320116975306e-08
3.788297718949883e-08
3.83321473939135e-08
3.8191434318475806e-08
3.251342160028883e-08
2.2655615073853862e-08
1.1589069455513147e-08
3.8646891445276845e-09
1.045797653273912e-09
5.275640147010594e-10
5.23919578428236e-10
1.4624407835386722e-09
3.2654478243079644e-09
6.200051526690102e-09
9.869022786019719e-09
1.3877940544049998e-08
1.6696632778387547e-08
1.8903972969926697e-08
2.0381318466271297e-08
2.206852671140943e-08
2.224577233415138e-08
2.277372739873414e-08
2.4464728921173556e-08
3.029618579005596e-08
3.5564303760672334e-08
4.077991160216366e-08
4.105434066733748e-08
4.0388701722340326e-08
3.4230411807655886e-08
2.394873155802877e-08
1.2440197698997364e-08
4.249927766204458e-09
1.156083168429789e-09
5.827214016881509e-10
6.277423199935477e-10
1.7202861075903229e-09
3.775615921559552e-09
7.142029418980797e-09
1.1249569489503012e-08
1.5735889042317098e-08
1.8751291352665927e-08
2.1060027330074714e-08
2.2214476468540076e-08
2.317176845983474e-08
2.1862404405855847e-08
2.076677880933459e-08
2.1000390394764636e-08
2.6226711508690568e-08
3.1429177451077235e-08
3.74016707115794e-08
3.900072076330808e-08
4.030972372785751e-08
3.613532606417586e-08
2.7773147878439315e-08
1.704832046943275e-08
8.906632949078166e-09
5.247221332067271e-09
4.422255718140811e-09
5.162430676655946e-09
7.379084644806354e-09
1.0806806659222489e-08
1.4453707285964109e-08
1.8099508697873994e-08
2.1170888187812042e-08
2.2372552761219133e-08
2.156749374750162e-08
1.8672885215876985e-08
1.5551497907987047e-08
1.1990524253078994e-08
9.511896692343493e-09
8.266294063733188e-09
1.0716715852503079e-08
1.3091888111688517e-08
1.634484948617265e-08
1.640950785964588e-08
1.8278691633174858e-08
1.7406038124124628e-08
1.3728032206659736e-08
8.125123408477114e-09
4.500995424272447e-09
6.229537421886816e-09
1.0923816930763266e-08
1.9923269770388515e-08
2.912362133336832e-08
4.05119240726418e-08
4.8388716090989536e-08
5.828195625331747e-08
6.389945192919893e-08
6.290755909063423e-08
5.586910436338874e-08
4.7037321421110396e-08
4.296680173962199e-08
4.1032895050053894e-08
4.152730578927679e-08
4.4523499316016205e-08
5.2011640688215124e-08
5.924265858998913e-08
6.401633638431817e-08
6.113025932635064e-08
5.541625667794119e-08
4.464487860675558e-08
3.077315135325077e-08
1.6343758650216818e-08
5.996671180045935e-09
1.7411636904791228e-09
6.422604826821016e-10
3.881697162189991e-10
1.0479191812283883e-09
2.8338479838581422e-09
5.589746807655575e-09
9.856072272367963e-09
1.4691100776385927e-08
1.927264329493432e-08
2.3301100065995537e-08
2.787979183079873e-08
3.4940076708065676e-08
4.078871729477187e-08
4.6143695415864244e-08
5.072400029237896e-08
5.9564749698751585e-08
6.769712322740685e-08
7.260740262467744e-08
6.879979096623067e-08
6.192401971347909e-08
5.000599643871687e-08
3.515116373938589e-08
1.9443078539849003e-08
7.833121476483672e-09
2.5481641724711903e-09
8.732467848952233e-10
3.712245802111848e-10
7.913697813820801e-10
2.0794222649592294e-09
4.190224439829026e-09
7.364173672396586e-09
1.1097951943764888e-08
1.4399624916193633e-08
1.7213509464007997e-08
2.0094263553979104e-08
2.471654466463628e-08
2.8942612340789937e-08
3.285857606738165e-08
3.6960680216701104e-08
4.417244598281998e-08
5.151725548047763e-08
5.7311798039118006e-08
5.618337609586442e-08
5.268150709177962e-08
4.3995709324136575e-08
3.261398507277738e-08
2.1011494252987483e-08
1.3703982211146071e-08
1.443259091561121e-08
1.9688811896569298e-08
2.998984375955654e-08
3.938252679388133e-08
4.9839149602064056e-08
5.551574055806053e-08
6.226355597915722e-08
6.336074458537479e-08
5.7695747612822016e-08
4.67660931419792e-08
3.562543963159101e-08
2.942488567356119e-08
2.541999445598023e-08
2.4147559418206428e-08
2.5803768095933793e-08
3.2051765925769956e-08
3.784757743736549e-08
4.3491220902236175e-08
4.408371937964466e-08
4.3375686989070516e-08
3.70578884112064e-08
2.6198406854488655e-08
1.390503421000606e-08
4.933292769138716e-09
1.3471729074830455e-09
5.135864510936171e-10
9.600499722680411e-11
3.475115123834834e-12
0.0
0.0
0.0
7.604196314214527e-12
1.3777179329983953e-10
6.229503367536936e-10
1.9543872458087584e-09
4.762859609123065e-09
9.761048009563895e-09
1.7258661716881293e-08
2.5895028595844884e-08
3.5780140768348025e-08
4.303590803456339e-08
4.8930045634872495e-08
4.8975528577434506e-08
4.694622936344848e-08
3.902526043018068e-08
2.7030977238900526e-08
1.4121327189665409e-08
4.9285209861642265e-09
1.3452811950665274e-09
5.155435700445745e-10
9.090818515629944e-11
3.2331577034306365e-12
0.0
0.0
0.0
0.0
0.0
0.0
2.0460450188439008e-11
3.417918484677971e-10
1.1735841523058405e-09
3.2040492517017133e-09
6.0536519788968366e-09
1.1223263427690424e-08
1.6214506595826604e-08
2.2224993767963963e-08
2.620803245439759e-08
3.162304886535266e-08
3.5122332571144584e-08
3.575029983085143e-08
3.353149377984695e-08
3.1255254155557944e-08
3.214205331227029e-08
3.451072827494813e-08
3.970452938517827e-08
4.3486938955437876e-08
4.840648083664112e-08
4.92678539303491e-08
5.249775604948827e-08
5.169447497568635e-08
4.588495169875261e-08
3.5600082232307085e-08
2.5109652230896982e-08
1.873474410276635e-08
1.3799236705603117e-08
1.0256276006824372e-08
8.795699122197474e-09
1.1354502453655734e-08
1.4441610034775494e-08
1.846548780208955e-08
1.944082957319481e-08
2.1656120962774458e-08
2.1175824146933383e-08
1.7833058419145152e-08
1.15691910318254e-08
5.805733758790508e-09
3.457982095284142e-09
3.7610639305100815e-09
6.024462677295636e-09
9.572492883621883e-09
1.4042403353384503e-08
1.8309305214532015e-08
2.2529044512692678e-08
2.57991721198248e-08
2.671242817320663e-08
2.5041357618991588e-08
2.10174539497344e-08
1.6806712836713896e-08
1.24333574792012e-08
9.365648678491787e-09
8.055572458911881e-09
1.052014316083128e-08
1.3809151191626866e-08
1.8102644276618457e-08
1.9947280969522593e-08
2.2665990467635524e-08
2.288600531187719e-08
2.027773130657135e-08
1.5257636538505633e-08
1.0619489992706128e-08
9.569366054581417e-09
1.0906827291388976e-08
1.648933850288146e-08
2.184386416598121e-08
2.890677239194348e-08
3.213127663949962e-08
3.763741655424132e-08
3.916495729411484e-08
3.570922833165137e-08
2.7619308190764167e-08
1.9124672766549834e-08
1.4393851436440112e-08
1.1095418278317555e-08
9.065218937472168e-09
8.685151248361956e-09
1.1951980112991226e-08
1.5193156741923834e-08
1.901382717502278e-08
1.9560702444545833e-08
2.148426307823555e-08
2.0851244645827544e-08
1.676632111176647e-08
9.828842950181456e-09
4.010008812671272e-09
2.4872885552442374e-09
3.8222282467860826e-09
6.810276344947156e-09
1.1126910404175706e-08
1.647118064265345e-08
2.1642453350294457e-08
2.656717904746153e-08
3.0455206477842086e-08
3.1616635413616105e-08
2.973497496187434e-08
2.4919480897981013e-08
1.9723839766318496e-08
1.4436928110139e-08
1.0825427878603883e-08
9.254850305615778e-09
1.1897641819442865e-08
1.5220521716802592e-08
1.9361547819928898e-08
2.0410291799441404e-08
2.255158521131575e-08
2.217456678442545e-08
1.8912724090870016e-08
1.3287777208677364e-08
9.176584469506112e-09
1.0778281503422332e-08
1.622335240122255e-08
2.632304712019915e-08
3.548810168672576e-08
4.6001756071124125e-08
5.211138112684465e-08
5.9467605231210835e-08
6.076511954500536e-08
5.4961553963885264e-08
4.376509312672136e-08
3.237965813378872e-08
2.58770328084735e-08
2.1389188411332964e-08
1.9734496794548168e-08
2.1095184140987152e-08
2.7511139812484106e-08
3.3587477876244425e-08
4.017364452840779e-08
4.210561146498201e-08
4.3442541680986435e-08
3.8971914654902455e-08
2.984719903272138e-08
1.7967268681441835e-08
8.498386238197452e-09
4.397469157767001e-09
4.365198488733373e-09
7.0143980180839204e-09
1.1680427085016609e-08
1.7640343769605382e-08
2.3926958838530328e-08
3.001395091656283e-08
3.527137428891869e-08
3.752435348916771e-08
3.6535599177558605e-08
3.231452520994808e-08
2.8038793705941982e-08
2.3678653071669296e-08
2.17133853338105e-08
2.2231325285545226e-08
2.7790061094121198e-08
3.342120341364098e-08
3.940564988272249e-08
4.072495266924477e-08
4.125320368736314e-08
3.6594156538881686e-08
2.748560155624542e-08
1.608964848950164e-08
7.2516775157772145e-09
3.993512992979627e-09
4.7746546884561996e-09
8.181999008928718e-09
1.357418863801464e-08
2.047956711675865e-08
2.759963038458468e-08
3.456657403125872e-08
4.0465201582796784e-08
4.3016491561395386e-08
4.214399670548324e-08
3.8162967162769016e-08
3.450550809481325e-08
3.181991895363361e-08
3.1583051364541744e-08
3.468481021020446e-08
4.223842651059765e-08
5.0613679377891626e-08
5.8427474547416095e-08
5.9546696521612795e-08
5.807961262712508e-08
5.0048153983246385e-08
3.8247599659807075e-08
2.4417439414173926e-08
1.3206981402869815e-08
8.22899806076682e-09
8.37787816299535e-09
1.3179196563412038e-08
2.1104314777121295e-08
3.128094776530699e-08
4.13327840097656e-08
5.130321258682539e-08
5.95813319273557e-08
6.314558188881846e-08
6.226264985206515e-08
5.721668554772064e-08
5.405441554348345e-08
5.11816655449356e-08
5.164952685114191e-08
5.429339972269794e-08
6.344846008288601e-08
7.227860219497362e-08
7.818870679660084e-08
7.47981656698279e-08
6.845115420627442e-08
5.717868223994665e-08
4.3100342687130516e-08
2.763122162730696e-08
1.6150010629925597e-08
1.3038464564855245e-08
1.6303139702083076e-08
2.6609621220418315e-08
3.782545017471399e-08
5.1303980547630895e-08
6.072950058823484e-08
7.222212998811964e-08
7.800102917150453e-08
7.546407377771051e-08
6.602350612755295e-08
5.505122609454999e-08
5.0116714527612e-08
4.731685754830089e-08
4.750557432150197e-08
5.050675609909898e-08
5.9562153402659154e-08
6.875126005238468e-08
7.560497903131377e-08
7.389820112979067e-08
6.917444863123221e-08
5.9461956541861766e-08
4.712446724148654e-08
3.439552133876006e-08
2.5699184416870372e-08
2.5105055612421573e-08
3.004571989117269e-08
4.147188403208749e-08
5.337213793499991e-08
6.650812992372247e-08
7.414062345135339e-08
8.18078464710267e-08
8.293204835578012e-08
7.650088088462107e-08
6.46544536935445e-08
5.239637976588596e-08
4.591197110968195e-08
4.18482926349659e-08
4.061126137814195e-08
4.282083760919323e-08
5.052124751764742e-08
5.9060195551201794e-08
6.628887208186502e-08
6.635397625933988e-08
6.40411422547819e-08
5.6818327469433476e-08
4.6782767508988005e-08
3.581820265658283e-08
2.809231241448654e-08
2.769358025473605e-08
3.220616000996275e-08
4.156057784812872e-08
5.0049128559394986e-08
5.914272283472598e-08
6.384649897154203e-08
7.04133454034215e-08
7.155379267841151e-08
6.561275818093241e-08
5.3728939365506484e-08
4.102453308392434e-08
3.301254553509943e-08
2.6725970415176638e-08
2.278652969248455e-08
2.2034765020382613e-08
2.6494921605889465e-08
3.1576854800421146e-08
3.7209856809780915e-08
3.8176173463798644e-08
3.859105979716184e-08
3.413593007247598e-08
2.6030461063565935e-08
1.5756020722738997e-08
7.632465039485104e-09
4.575455984065919e-09
5.113164031310787e-09
8.38379230503124e-09
1.301797110348384e-08
1.890478945372807e-08
2.4234525265927435e-08
2.9811068443334493e-08
3.3928984342274685e-08
3.4812375285915467e-08
3.2308058769370494e-08
2.7099186714797052e-08
2.2251607813642968e-08
1.7613898640632854e-08
1.4820319880977039e-08
1.493525910773009e-08
1.9747890076759195e-08
2.541285288013216e-08
3.122368990761672e-08
3.365358735587012e-08
3.660887224154104e-08
3.4985701711223735e-08
2.85026739395305e-08
1.8815237892637482e-08
1.100073829713485e-08
9.144760664076598e-09
1.1077796277734852e-08
1.8012830814176754e-08
2.5145621284885272e-08
3.411696866643884e-08
3.932183166362055e-08
4.660713307861269e-08
4.9656863867414186e-08
4.684979787857097e-08
3.8432724912763765e-08
2.850918172486343e-08
2.2012552622900588e-08
1.6953545709326167e-08
1.3736011621006323e-08
1.3488538257461108e-08
1.815728290527418e-08
2.3797391478478116e-08
3.0228055573753475e-08
3.3348462548869856e-08
3.749467549548655e-08
3.7364060376242614e-08
3.2835989276107115e-08
2.4961347716325893e-08
1.894833433695194e-08
1.819459296706142e-08
2.0840644939023435e-08
2.8040047545981073e-08
3.53873911234843e-08
4.427063710565097e-08
4.839302773456096e-08
5.386812973324374e-08
5.4012748628312326e-08
4.8072375302386235e-08
3.700431487170554e-08
2.577151756258931e-08
1.8966597953410274e-08
1.3800221409553935e-08
1.0040080768768049e-08
8.49055986762943e-09
1.0992640602807945e-08
1.4529607955383291e-08
1.939239854966007e-08
2.206351218273264e-08
2.619517968965317e-08
2.8209001307996855e-08
2.7683180028472065e-08
2.4890205715671613e-08
2.274022236013411e-08
2.457856201693933e-08
2.8443565311592214e-08
3.594421569006904e-08
4.2123288351459293e-08
4.968911650457343e-08
5.300921517495418e-08
5.8161391508951727e-08
5.8077706325133694e-08
5.1827808343088615e-08
4.05778297988199e-08
2.9127816690406916e-08
2.19704440315616e-08
1.6265922931586386e-08
1.2243586068873406e-08
1.0615545429617415e-08
1.3815332926571556e-08
1.749828660047307e-08
2.2249360164522083e-08
2.332752478915421e-08
2.6117054936189725e-08
2.5837172445308335e-08
2.232995305060985e-08
1.6038181190555476e-08
1.1697597895271128e-08
1.2905965054849874e-08
1.7871379390766693e-08
2.6554662730362967e-08
3.4504058814653195e-08
4.342241584450537e-08
4.777621773766248e-08
5.3794658481227253e-08
5.4701778960488846e-08
4.967532532898682e-08
3.9638373025188706e-08
2.918392224543419e-08
2.2805414141780978e-08
1.715591944354436e-08
1.2230858481652783e-08
9.114847725611314e-09
1.026894212924182e-08
1.224019341287906e-08
1.5153103808061735e-08
1.527395757052112e-08
1.6916158352889425e-08
1.621246757767077e-08
1.2819205851619084e-08
7.142672884505501e-09
2.3823507491857598e-09
6.122315058151773e-10
2.895247128463058e-10
4.1437704637910154e-11
5.7615693919023354e-11
1.7617496427078925e-10
4.582852011749942e-10
7.847270467355744e-10
1.4059453031021807e-09
1.7945665478171567e-09
2.262622626264595e-09
2.2963563816783562e-09
3.068615338386023e-09
4.163282362834938e-09
6.489327352009571e-09
9.42037437114429e-09
1.532083247576166e-08
2.0445685696751825e-08
2.6177365023295018e-08
2.771926946186959e-08
3.0644421598380925e-08
2.980095081117824e-08
2.4960517139511543e-08
1.5876209360620717e-08
7.2916779999492136e-09
2.8864715316891105e-09
1.7485887328884702e-09
2.2595686580348498e-09
4.222283884697283e-09
7.2681157819113225e-09
1.0969123399822436e-08
1.4675746042168071e-08
1.785547703692962e-08
2.0012286454570726e-08
2.0753120574760757e-08
1.9188702072126836e-08
1.61256220442563e-08
1.178135798917392e-08
8.146967617014283e-09
5.951615674178051e-09
6.559516914638683e-09
8.052635686196108e-09
9.978050248282575e-09
1.0382317929704461e-08
1.1308948150064343e-08
1.110807094243327e-08
9.064470239619197e-09
5.427764049711934e-09
2.070254208856871e-09
5.570118763387952e-10
2.1571944675083289e-10
5.0984083478469726e-11
1.955547288666154e-12
0.0
0.0
0.0
0.0
0.0
0.0
0.0
0.0
4.848222026361689e-12
8.398966701938337e-11
3.303844644081768e-10
9.693090606459333e-10
2.0560675806830753e-09
3.981499367958339e-09
6.369819235317766e-09
9.259122444692128e-09
1.1917547026419872e-08
1.4747643447555877e-08
1.7622189984168658e-08
2.0373235320878767e-08
2.36730648532734e-08
2.6973294697972914e-08
3.328282947121876e-08
3.832304738980582e-08
4.493028144369355e-08
4.7761045220297776e-08
5.2795797305641155e-08
5.2976419670345006e-08
4.742234672647833e-08
3.7184200655970155e-08
2.685214496777743e-08
2.0570856414267923e-08
1.54373474842805e-08
1.1651498095616836e-08
1.0105110111928866e-08
1.3119892301240918e-08
1.6648791852032184e-08
2.1073871221011912e-08
2.198485799886134e-08
2.4304936518756264e-08
2.3694114754528287e-08
1.9630044217688558e-08
1.2272965063820078e-08
5.740619949934865e-09
3.5024792399793987e-09
4.2831073839336574e-09
7.1811119400313255e-09
1.1006489063539379e-08
1.5852620830466645e-08
2.0029927483001253e-08
2.4533548167731805e-08
2.769184469477977e-08
2.816313877882419e-08
2.5789858290638093e-08
2.1300460519819706e-08
1.7210541870735636e-08
1.3137667026971264e-08
1.0521782958684658e-08
9.648940125511335e-09
1.2975136523128652e-08
1.6583160295319792e-08
2.1020347983382806e-08
2.1929337633141004e-08
2.424367481174138e-08
2.3627940385026657e-08
1.9564353793373062e-08
1.230007866813096e-08
6.000480435888452e-09
4.304712833170981e-09
5.798629743766019e-09
1.0003117835422162e-08
1.501753643019602e-08
2.132761122412282e-08
2.6376157497199623e-08
3.211779129060793e-08
3.583151093209662e-08
3.5886275641557954e-08
3.2190099028645054e-08
2.615236589148143e-08
2.0963095722557943e-08
1.5807329787368614e-08
1.2100929044528379e-08
1.0443573956516653e-08
1.3447931853972682e-08
1.7050774728011063e-08
2.154161533229952e-08
2.2470669798057744e-08
2.4796377154209287e-08
2.4195781083777465e-08
1.9998934607790584e-08
1.2289731849857107e-08
5.1264587692346125e-09
1.669625192929485e-09
6.868015777928851e-10
4.5298066853495876e-10
9.925031389986542e-10
2.0432681129591433e-09
3.843037532745526e-09
5.906321608853755e-09
8.19235417406668e-09
9.601258494570597e-09
1.0720841062045795e-08
1.0981424798971858e-08
1.0909221976545322e-08
9.64139278234097e-09
8.733935103099398e-09
8.853718094357674e-09
1.262108145773349e-08
1.642811172875572e-08
2.0919559097944577e-08
2.1986047832198767e-08
2.4276474408842714e-08
2.375307089192234e-08
1.983342401907719e-08
1.271012292845475e-08
6.438233731881826e-09
4.756796291065846e-09
6.345105588223625e-09
1.0912538975468197e-08
1.609394405853774e-08
2.2598236993641626e-08
2.747317741949932e-08
3.326841884510913e-08
3.6767258724677765e-08
3.6398390527094784e-08
3.206849589812639e-08
2.5627635702318092e-08
2.0443548111907176e-08
1.5432850747021195e-08
1.1724419912307893e-08
9.90869517829664e-09
1.2540268808052426e-08
1.5719204666988745e-08
1.9768458366580443e-08
2.045053746882075e-08
2.2580975275133445e-08
2.1938463136558334e-08
1.7941770708050172e-08
1.094416258199503e-08
4.943824843530991e-09
3.2282763454890876e-09
4.364484104939007e-09
7.496298232168113e-09
1.1509070487933296e-08
1.65174233103097e-08
2.0755895343778046e-08
2.524210978925601e-08
2.830701650261484e-08
2.860936986378488e-08
2.5974691342365605e-08
2.1174540233473417e-08
1.6824399507705547e-08
1.2719345623396197e-08
1.0324017996210938e-08
9.803063599562986e-09
1.3575519168321493e-08
1.7538670242075124e-08
2.2468109524500815e-08
2.363249364224483e-08
2.626677029045734e-08
2.5632030367182258e-08
2.15882366500209e-08
1.4135078055523834e-08
7.645156457162197e-09
6.182988464497636e-09
8.344071625509036e-09
1.4421155244886854e-08
2.1121020754487154e-08
2.9511062515645136e-08
3.563847101132315e-08
4.309086492029414e-08
4.745764226480477e-08
4.671630743015119e-08
4.114415353057863e-08
3.341240450701084e-08
2.8200986537676243e-08
2.4038528836647618e-08
2.24510635745289e-08
2.3801208430637717e-08
3.031340017116517e-08
3.6930819634376915e-08
4.393354040788791e-08
4.5813185136037036e-08
4.662674908865723e-08
4.170194289521804e-08
3.221375715927908e-08
1.9779332444114907e-08
9.468565908382595e-09
4.590676011431482e-09
4.026611802326368e-09
6.131192271870567e-09
1.0023428784427014e-08
1.4987478637938246e-08
2.014480852122425e-08
2.506821852803998e-08
2.9236819202673177e-08
3.084172289072642e-08
2.962531746086028e-08
2.5525388182834146e-08
2.110582771012224e-08
1.6659888101476713e-08
1.4016435661595825e-08
1.4000771023940596e-08
1.85174117446107e-08
2.3714261382751687e-08
2.9051538033643268e-08
3.087848602078818e-08
3.3421900745267776e-08
3.1743270660892595e-08
2.561234525613661e-08
1.6186484428793567e-08
8.768087612951163e-09
7.453209005784556e-09
9.918415585564315e-09
1.6926891931513176e-08
2.3395606698158397e-08
3.1421535932458075e-08
3.5506392721296815e-08
4.186790564061763e-08
4.4027324012730884e-08
4.074889713662726e-08
3.238408749204672e-08
2.3203580369170342e-08
1.769844966161005e-08
1.353272887232113e-08
1.0918865827702016e-08
1.0464370783672476e-08
1.4569918040504883e-08
1.8998620446432945e-08
2.4460059211941455e-08
2.6018575417081442e-08
2.897200551231066e-08
2.8486255492522742e-08
2.424228657519033e-08
1.6218603146639396e-08
8.735370694505234e-09
5.8859888061807865e-09
6.392256115626924e-09
1.0036496116190966e-08
1.4074895298306844e-08
1.9171740421524263e-08
2.231707575459808e-08
2.6539715978131962e-08
2.8485792902603405e-08
2.7139105351825388e-08
2.2591824390515367e-08
1.6980669076143122e-08
1.3087178595307068e-08
9.780312296048415e-09
7.4432872524181655e-09
6.621563812642319e-09
8.80974924873109e-09
1.1793970819849068e-08
1.5646344650618567e-08
1.769521363660411e-08
2.0682380103298902e-08
2.2143091583326512e-08
2.198081210981996e-08
2.0225951426332983e-08
1.9453927174882244e-08
2.226062770971156e-08
2.7682026983575182e-08
3.702289071168635e-08
4.515006768105211e-08
5.400479877985933e-08
5.7972259880599286e-08
6.340030910821225e-08
6.363173655401367e-08
5.763522029561922e-08
4.664948905985081e-08
3.555444050889402e-08
2.9406924906041645e-08
2.542448450617453e-08
2.4063054167090205e-08
2.5976975726095082e-08
3.297947117830642e-08
4.049179761873707e-08
4.8416571160651824e-08
5.1198620131497854e-08
5.246292972703007e-08
4.7879151678197106e-08
3.915585230691703e-08
2.862394677518379e-08
2.1325639398989482e-08
2.0784317128949213e-08
2.5532171294933277e-08
3.58011357066205e-08
4.6781727787121934e-08
5.9161190060991505e-08
6.668127481379634e-08
7.450928987310568e-08
7.578360392557921e-08
6.966218866521816e-08
5.817410712094899e-08
4.6674744582364854e-08
4.089491361157476e-08
3.788563238092459e-08
3.767222858700083e-08
4.1232371757072e-08
5.002495919683472e-08
5.997106703721101e-08
6.877084638397879e-08
7.028741821228781e-08
6.854340596572351e-08
6.058776201660657e-08
4.887037849378419e-08
3.542002449582519e-08
2.5224199311555158e-08
2.2934944886467044e-08
2.6709007744398104e-08
3.743620505925338e-08
4.889608804614204e-08
6.266999419558301e-08
7.194225365641538e-08
8.144934519090058e-08
8.364786518455978e-08
7.739706579350203e-08
6.570324178113396e-08
5.393982887311333e-08
4.8674877847005665e-08
4.5903976861351216e-08
4.6408505580043424e-08
5.009092073017986e-08
5.998519710597607e-08
7.060076581545522e-08
7.932815095181008e-08
7.99413408435316e-08
7.7265111704908e-08
6.903611249611353e-08
5.729469733023834e-08
4.40884842400998e-08
3.420506104931449e-08
3.1858669604376336e-08
3.517327104754876e-08
4.5441869536716755e-08
5.7102020674445806e-08
7.134523874534328e-08
8.108634645002223e-08
9.093178601787859e-08
9.344427259857982e-08
8.739533530902185e-08
7.580228050665324e-08
6.41363507661154e-08
5.918187381116414e-08
5.587921825224106e-08
5.53280884322824e-08
5.780122388980268e-08
6.750246866127152e-08
7.799440568652382e-08
8.631114897404102e-08
8.664861103083178e-08
8.497352362004386e-08
7.932813414757216e-08
7.11801034484326e-08
6.167466978335343e-08
5.5060425012877764e-08
5.4718998972271825e-08
5.839775609401256e-08
6.681901123469184e-08
7.439549627292955e-08
8.243474133555555e-08
8.50361699965346e-08
8.839844409695341e-08
8.607789391724328e-08
7.716249636630784e-08
6.347530674985892e-08
5.014342815414711e-08
4.2653312817445e-08
3.822243701533449e-08
3.6858522758993454e-08
3.9775187275124296e-08
4.806991407853588e-08
5.7854956607542524e-08
6.688711879454307e-08
6.90259266410889e-08
6.818351174400193e-08
6.112487515736943e-08
5.0625771503871885e-08
3.848060685144228e-08
2.9499254414898754e-08
2.7603691083891573e-08
3.112894599870746e-08
4.0940548203975656e-08
5.089320378294374e-08
6.219165875304511e-08
6.843114668047984e-08
7.531219619293329e-08
7.580860014889128e-08
6.893082379502845e-08
5.6928589025748774e-08
4.524253758035551e-08
3.940924101288047e-08
3.65288923201824e-08
3.651685124221201e-08
4.028941871376705e-08
4.927729072282365e-08
5.969268251852193e-08
6.96306426675928e-08
7.321802426862783e-08
7.453942857000642e-08
7.055310717790084e-08
6.333365468825481e-08
5.4406322938247815e-08
4.7937611874973084e-08
4.759640678796235e-08
5.106777135225078e-08
5.89908249798055e-08
6.586408248308283e-08
7.359130367262557e-08
7.636093830500582e-08
8.012405528307517e-08
7.804371328872893e-08
6.922984205413474e-08
5.552239306000311e-08
4.185161871303009e-08
3.3367032279216464e-08
2.6966814921748456e-08
2.337874383305489e-08
2.3396668623764308e-08
2.915908648110362e-08
3.6040103407677864e-08
4.4136568609222956e-08
4.810251327327009e-08
5.144477467298507e-08
4.954065058329685e-08
4.3368819765841684e-08
3.53217817531818e-08
2.920926958851289e-08
2.8532271996451962e-08
3.087004696369843e-08
3.796918496808384e-08
4.491407337438165e-08
5.35813805838129e-08
5.7761042422527196e-08
6.310157072006441e-08
6.260348940081096e-08
5.556008677449372e-08
4.3471953250198526e-08
3.130170987321258e-08
2.3597321167809164e-08
1.7481683714647867e-08
1.3295053402878105e-08
1.2000632844825372e-08
1.598660006360051e-08
2.1100639478636672e-08
2.7757727179599604e-08
3.1309855167879783e-08
3.674242279719641e-08
3.887147888097411e-08
3.7320828483454866e-08
3.249276846322265e-08
2.8602020577255905e-08
2.925387639394276e-08
3.2040861445687774e-08
3.81304378550242e-08
4.295828025898638e-08
4.879484490213397e-08
4.9963408640056046e-08
5.2837912937915895e-08
5.1015558280258125e-08
4.4116752286521935e-08
3.315572500989902e-08
2.2745028514022002e-08
1.6935486113045615e-08
1.2855293475750086e-08
1.0419626912065427e-08
1.0262462762054666e-08
1.4720517399136569e-08
1.9999722459249658e-08
2.6768632191540535e-08
3.039987671968828e-08
3.540496652785663e-08
3.722352280969652e-08
3.508841195199114e-08
2.976951329427265e-08
2.4838533869715303e-08
2.4956943477243997e-08
2.7876573140611382e-08
3.53972498204351e-08
4.274074044233648e-08
5.211821473091928e-08
5.722884535180744e-08
6.333192624936333e-08
6.332696854663296e-08
5.656950016619128e-08
4.4776078864334186e-08
3.2996723561115496e-08
2.606945826685519e-08
2.102877298930669e-08
1.8497787153806042e-08
1.9390575577412108e-08
2.5766954627283865e-08
3.3145958296026756e-08
4.1567242185614944e-08
4.663998162380885e-08
5.178333797581412e-08
5.204246428665158e-08
4.729935792193539e-08
3.9948386322403595e-08
3.439993700285703e-08
3.466401094124611e-08
3.7889156665629664e-08
4.5476903557827924e-08
5.266795122858865e-08
6.14684644589134e-08
6.566431393097494e-08
7.073739901566207e-08
6.996037460927128e-08
6.265545053060437e-08
5.046658945603943e-08
3.827804022025099e-08
3.117561942208698e-08
2.6121052502578462e-08
2.388880602065856e-08
2.521599103541214e-08
3.2282777130481326e-08
4.031366947028948e-08
4.94904348555123e-08
5.4261214228702695e-08
5.7970228010277675e-08
5.58135490651319e-08
4.9007443496968546e-08
4.010700735217034e-08
3.350503691128834e-08
3.25987098930445e-08
3.563995963786013e-08
4.3893377770815545e-08
5.279712033712427e-08
6.344517952845873e-08
6.943144513575611e-08
7.587308455738538e-08
7.570682184047497e-08
6.821968141594653e-08
5.536044786757217e-08
4.253151992449679e-08
3.5037378022990684e-08
3.038494229243996e-08
2.8667385736844464e-08
3.095109937778683e-08
3.835162615351192e-08
4.711524903874718e-08
5.614555310582894e-08
5.968574894409094e-08
6.131295083962276e-08
5.7194022702427915e-08
4.9213378042140895e-08
3.9428875504779437e-08
3.2217050643043246e-08
3.1423363309036274e-08
3.489339575823684e-08
4.3416707515543043e-08
5.173580814538955e-08
6.150116645191395e-08
6.623072527148452e-08
7.13558614352971e-08
6.998989049866287e-08
6.180876783044558e-08
4.876315494863679e-08
3.581415308824249e-08
2.7865472292963388e-08
2.1948429076666094e-08
1.8723597815348403e-08
1.912714818750362e-08
2.5254068255617488e-08
3.264521245834831e-08
4.148587004548636e-08
4.7383728814445236e-08
5.395381993946177e-08
5.5858880231627094e-08
5.316821171729322e-08
4.755876723656701e-08
4.34388132724532e-08
4.386443636972893e-08
4.632076218782089e-08
5.2022096880956906e-08
5.651497367029879e-08
6.213703794045496e-08
6.32642069639231e-08
6.603618515806752e-08
6.374783318773368e-08
5.57522454605016e-08
4.330087770053621e-08
3.109713500364435e-08
2.3608750798142933e-08
1.7959350872385555e-08
1.4358132914663285e-08
1.4021695739280988e-08
1.8915900661669898e-08
2.5071192622928734e-08
3.221942241060817e-08
3.614598009783805e-08
4.110621726579658e-08
4.1962303211212817e-08
3.8552828102394444e-08
3.185207919860932e-08
2.6800294811282565e-08
2.735422916822552e-08
3.180974953246586e-08
4.1098986226789265e-08
5.0302663675865514e-08
6.096596636996931e-08
6.685458634229923e-08
7.331871103109144e-08
7.326834450647918e-08
6.595677430842172e-08
5.333283993186221e-08
4.05445601757446e-08
3.286824822487637e-08
2.7490952718167537e-08
2.5142869586635005e-08
2.6604183384114615e-08
3.380337292927455e-08
4.209517097228797e-08
5.137119230887277e-08
5.6035052918276665e-08
5.9504886441147616e-08
5.720944505467289e-08
5.055295546365939e-08
4.2042824789059185e-08
3.584418132565165e-08
3.55286313085039e-08
3.9022112803476104e-08
4.8071401263082543e-08
5.7396826888107215e-08
6.817254039827548e-08
7.38415882798775e-08
8.00091064289041e-08
8.013114431755804e-08
7.312745617081394e-08
6.10668752202343e-08
4.9076000450059305e-08
4.294081181698417e-08
3.943943791533592e-08
3.8761569733313267e-08
4.1803364430740286e-08
5.0523167148660786e-08
6.089660385648097e-08
7.09190193794164e-08
7.467386275538494e-08
7.63553833083294e-08
7.287926478898273e-08
6.633044070109561e-08
5.786731276910414e-08
5.1523858578457136e-08
5.026935443824762e-08
5.235919156264495e-08
5.852321073444947e-08
6.366227201889217e-08
6.961210626510422e-08
7.088644388234463e-08
7.380050343838103e-08
7.149433461578222e-08
6.293786937901418e-08
4.965915935902585e-08
3.6515041034330255e-08
2.8478808993727978e-08
2.2493736438879214e-08
1.9336928753405333e-08
1.9533571964355805e-08
2.524285532725764e-08
3.1554358927950985e-08
3.9068431393737394e-08
4.293823466853602e-08
4.6807851134706535e-08
4.565989009941912e-08
4.030628363940538e-08
3.2780561963371225e-08
2.7273825071698398e-08
2.693612236068546e-08
2.969511994420744e-08
3.6601909289867426e-08
4.2496915965711113e-08
4.94298690623048e-08
5.182330474358938e-08
5.59531348774167e-08
5.498187270082911e-08
4.828130397012368e-08
3.715351867903119e-08
2.6249777835828324e-08
1.9734414602295902e-08
1.4651332404099115e-08
1.1022552993207163e-08
9.705609592163604e-09
1.29446004701209e-08
1.7288398824524516e-08
2.3229956129505543e-08
2.673081338873321e-08
3.213328911581743e-08
3.527050897399743e-08
3.577656110139196e-08
3.3912080185652336e-08
3.29616152500885e-08
3.615734380379787e-08
4.1462277059119244e-08
5.019087819794048e-08
5.747041596964602e-08
6.548617795313558e-08
6.859249082840286e-08
7.29192257118548e-08
7.190174870647841e-08
6.449936904483244e-08
5.239926498364439e-08
4.0455354131382044e-08
3.374653199767935e-08
2.9302074665772208e-08
2.7406681170811856e-08
2.91386993362324e-08
3.6306206346019617e-08
4.497239517784602e-08
5.477115448178571e-08
6.01732782137893e-08
6.473833094237854e-08
6.406030706318757e-08
5.955895149600495e-08
5.322192619621524e-08
4.874634391005669e-08
4.920836843625018e-08
5.1906408632100156e-08
5.822947271308541e-08
6.355061932914205e-08
7.016051324251405e-08
7.231429927157793e-08
7.593887221597465e-08
7.42297674804701e-08
6.618429072920888e-08
5.332074056557173e-08
4.050880781530846e-08
3.2875652616224765e-08
2.7513173370167756e-08
2.5147201245323494e-08
2.657976452994354e-08
3.3826711086870435e-08
4.232710750756036e-08
5.220588416218558e-08
5.795634157082286e-08
6.309499635696259e-08
6.271617128563263e-08
5.8073103721982194e-08
5.094541193488599e-08
4.567847038428445e-08
4.5114956523131985e-08
4.7198661095457396e-08
5.273210977268317e-08
5.735150579472607e-08
6.337672682455074e-08
6.509760473639559e-08
6.831120575878418e-08
6.609047511724338e-08
5.7872761071575956e-08
4.5234609070467026e-08
3.291653174964501e-08
2.5571003574192725e-08
2.028851581811532e-08
1.754778183380361e-08
1.8340907897453704e-08
2.451396012257727e-08
3.170750854373605e-08
3.984032822485359e-08
4.467624629327585e-08
4.981305126230914e-08
5.0073501651220885e-08
4.5619878503720596e-08
3.83460200184183e-08
3.293688669736099e-08
3.291070218721317e-08
3.600740046947857e-08
4.337834597454531e-08
5.010876883288489e-08
5.792589097728771e-08
6.086107162243765e-08
6.485464246625101e-08
6.333001528490639e-08
5.577128200645604e-08
4.363214360342203e-08
3.163573886475383e-08
2.4365594820943744e-08
1.898475576569491e-08
1.5799624269434257e-08
1.5982125424936763e-08
2.1309862998407167e-08
2.7850505994230925e-08
3.5421976690008587e-08
4.018982549806356e-08
4.5901056909568304e-08
4.736307430822358e-08
4.4461917783391327e-08
3.872680859253971e-08
3.470326574611727e-08
3.5735058521911143e-08
3.9219007461013584e-08
4.655950551782317e-08
5.3038118640577685e-08
6.082204777601454e-08
6.39733435418565e-08
6.83225416798796e-08
6.71533204064914e-08
5.96719640808178e-08
4.745385007996223e-08
3.52982362174722e-08
2.819526693272097e-08
2.3056414521476295e-08
2.086940945804969e-08
2.2153795241580442e-08
2.9326506498483267e-08
3.727427554191492e-08
4.669106409296683e-08
5.235529494700422e-08
5.758851635330481e-08
5.7172315684147216e-08
5.173186718073306e-08
4.384585126137977e-08
3.781322724077229e-08
3.728916315943855e-08
4.0129339049895906e-08
4.777515061528028e-08
5.537472852406631e-08
6.470172148834561e-08
6.956703071153497e-08
7.526269737686689e-08
7.467012288161634e-08
6.69733175554734e-08
5.416524920932751e-08
4.1507144029802294e-08
3.417065702042953e-08
2.9492531536438748e-08
2.7790202421001902e-08
3.0149091781343994e-08
3.8117291055613596e-08
4.7735034385202495e-08
5.846910418636209e-08
6.472094530846249e-08
6.995884557185048e-08
6.97012258769936e-08
6.543463609400348e-08
5.888025887629123e-08
5.398602341162873e-08
5.378291561591708e-08
5.6128920255008626e-08
6.212755023059541e-08
6.711192517894621e-08
7.315668323697823e-08
7.452317648975656e-08
7.724344627785054e-08
7.455579169100873e-08
6.574905403413797e-08
5.252938562669533e-08
3.991052778130507e-08
3.2887185729547953e-08
2.875763185891858e-08
2.7797350905898263e-08
3.0909257250154076e-08
3.961162367885164e-08
4.980178466862053e-08
6.113904401821877e-08
6.79152819994554e-08
7.350560754217209e-08
7.32383451747079e-08
6.873835649519362e-08
6.190704417936226e-08
5.69073505940344e-08
5.675033113028829e-08
5.930983444115711e-08
6.596337484367937e-08
7.198807151002167e-08
7.941772118012048e-08
8.221738042377166e-08
8.613238065257043e-08
8.434779449682955e-08
7.593782392657733e-08
6.316526341070338e-08
5.1054940603167077e-08
4.543394245999822e-08
4.26047915590828e-08
4.301887729650807e-08
4.7188190377215575e-08
5.7679394996264565e-08
6.990470418165166e-08
8.172637498786115e-08
8.705102463090072e-08
9.020063873154742e-08
8.819847749859975e-08
8.277558766151982e-08
7.536111351011777e-08
6.99315248060312e-08
6.976305085466519e-08
7.274779924676727e-08
8.02208920695119e-08
8.752248881899684e-08
9.649028725091147e-08
1.0063995871810717e-07
1.0507400091214133e-07
1.0294378328683916e-07
9.335489400708751e-08
7.93430780789402e-08
6.57970486170868e-08
5.96887108888227e-08
5.6147515397823776e-08
5.653704418556227e-08
6.055161413252328e-08
7.233089140717933e-08
8.541079341610955e-08
9.695746975622136e-08
1.0076432561045495e-07
1.025061535630045e-07
1.0009729162380935e-07
9.487560732186004e-08
8.769130023683443e-08
8.242223245648889e-08
8.242881439431266e-08
8.568286582665987e-08
9.310921597313763e-08
9.944253423104343e-08
1.0653670155231094e-07
1.0867208903728707e-07
1.1159332748080498e-07
1.0849318377447537e-07
9.819027681377191e-08
8.354645768954427e-08
6.950321533070961e-08
6.280940798141161e-08
5.8600909163311265e-08
5.803245393007353e-08
6.131380285302648e-08
7.230609242117885e-08
8.452615200457942e-08
9.511006499914895e-08
9.813480413572573e-08
9.956590666665022e-08
9.702158597124372e-08
9.178852945842702e-08
8.460876074091321e-08
7.959290342570664e-08
7.974822977767497e-08
8.284118845445049e-08
8.987156342341156e-08
9.612404935470458e-08
1.0342265927416653e-07
1.0574411866477245e-07
1.0865041944178416e-07
1.0566226101954244e-07
9.578858481797694e-08
8.174979143570436e-08
6.837845227965657e-08
6.238294579331296e-08
5.8868278784382616e-08
5.892430348519399e-08
6.273286485411371e-08
7.419215322981607e-08
8.679434345250384e-08
9.76406892541316e-08
1.0081145523958573e-07
1.0221110670347812e-07
9.959653829002241e-08
9.428172218055415e-08
8.725231227410538e-08
8.237243014445998e-08
8.263943414920816e-08
8.576445829378972e-08
9.306926816898558e-08
9.954253053958974e-08
1.0681801240907847e-07
1.0865987958922961e-07
1.1088663690439894e-07
1.071288783174488e-07
9.641896050607378e-08
8.151879625382656e-08
6.71381848633719e-08
6.017656564559887e-08
5.57050360385575e-08
5.507582042351285e-08
5.8111324585226016e-08
6.891822078638623e-08
8.112167135714489e-08
9.202016840892838e-08
9.559462581448626e-08
9.758845821993129e-08
9.573553796287647e-08
9.123246208212501e-08
8.491987963298333e-08
8.055797820829705e-08
8.109192088409367e-08
8.40403912355104e-08
9.063273243116837e-08
9.602590536729764e-08
1.0214069042181197e-07
1.0308254875306062e-07
1.0479057443514193e-07
1.008643867163145e-07
9.028959178066202e-08
7.552040033790938e-08
6.123513491780051e-08
5.3985204412674924e-08
4.930592723137705e-08
4.828474599206001e-08
5.096526830597693e-08
6.09153818959219e-08
7.263582919081437e-08
8.373998840875382e-08
8.829086798128895e-08
9.131556655748016e-08
9.036223535406654e-08
8.659632234197139e-08
8.114553976035846e-08
7.740489718337392e-08
7.840620559289402e-08
8.14796840822264e-08
8.785737222087577e-08
9.274661790889932e-08
9.829063616009277e-08
9.87744107428222e-08
1.0025463032399975e-07
9.61765489024831e-08
8.558904815028939e-08
7.065609171761685e-08
5.620723158499434e-08
4.817793199061229e-08
4.295687288781588e-08
4.110103403659421e-08
4.3360579834727956e-08
5.2155768398092574e-08
6.301817513260547e-08
7.39132404305166e-08
7.902330591577327e-08
8.272649373169414e-08
8.18775144154177e-08
7.79025530502706e-08
7.198248445094976e-08
6.762553959221647e-08
6.787036291628622e-08
7.012928104098387e-08
7.566173214868823e-08
7.978458058822282e-08
8.484190669895313e-08
8.520122575297894e-08
8.692652979604611e-08
8.328662326203529e-08
7.338228449773419e-08
5.8987645192959824e-08
4.5067941372797254e-08
3.677705871940094e-08
3.140392125222467e-08
2.9122016257865995e-08
3.110364425397638e-08
3.870489766144119e-08
4.8168565609419476e-08
5.870432787936365e-08
6.471922450627301e-08
6.970628669511643e-08
6.939032037474715e-08
6.536889030440724e-08
5.9311040007442535e-08
5.4954235430235155e-08
5.5303330323346326e-08
5.8145587569724e-08
6.478670119082163e-08
7.061237416123304e-08
7.76671868430635e-08
8.018957788037611e-08
8.410796099245773e-08
8.270218069296974e-08
7.485270290671842e-08
6.22614317485549e-08
4.980616171423733e-08
4.327129398874488e-08
3.978158900077528e-08
3.968381209517453e-08
4.375628095435713e-08
5.3764131922824446e-08
6.546231655336147e-08
7.676279139030142e-08
8.14136908400839e-08
8.338650148911599e-08
7.950745234493513e-08
7.203328094032818e-08
6.284688836184809e-08
5.603202967240357e-08
5.53384736020921e-08
5.876475719812465e-08
6.796097532544117e-08
7.754151442893932e-08
8.864881031516325e-08
9.424382325430254e-08
9.952623484831538e-08
9.793927470231442e-08
8.880923320870925e-08
7.517286940288624e-08
6.191371539843806e-08
5.5908630658855687e-08
5.235634111873001e-08
5.2631787311702274e-08
5.639038073050855e-08
6.770303381410979e-08
8.029829214267372e-08
9.134998383211917e-08
9.4333637937051e-08
9.452841700010896e-08
8.969922823072538e-08
8.161028042809652e-08
7.162927655443571e-08
6.402652587286579e-08
6.250279144094225e-08
6.5194333553494e-08
7.35868110003069e-08
8.233460442550889e-08
9.252020194094708e-08
9.7146990894706e-08
1.0136206521697578e-07
9.855439760165513e-08
8.824470824245776e-08
7.334865302068109e-08
5.892816283165446e-08
5.1339878971309485e-08
4.659345959591513e-08
4.555517378658427e-08
4.8464007359025644e-08
5.832177000368947e-08
6.997877625600302e-08
8.121129476057819e-08
8.605329987169034e-08
8.93441395830814e-08
8.83791044579083e-08
8.457290055061138e-08
7.896548671261526e-08
7.512476884052417e-08
7.625997001324571e-08
7.987280118847191e-08
8.713862694994035e-08
9.31348726679147e-08
1.0000442694392465e-07
1.0201594038039227e-07
1.051051372096452e-07
1.0267746822324806e-07
9.357753529312183e-08
8.025709847816936e-08
6.741681433919814e-08
6.175433474782779e-08
5.8366502504677294e-08
5.847295024316182e-08
6.221278375400353e-08
7.357616474447783e-08
8.59760311581285e-08
9.634062045675062e-08
9.84023537538457e-08
9.788847268618303e-08
9.261341328751954e-08
8.424673861325346e-08
7.410886755861374e-08
6.64777895414877e-08
6.497078821103869e-08
6.780475334345832e-08
7.657825891733097e-08
8.608071735722058e-08
9.741152198597845e-08
1.0332508980700992e-07
1.0862292285899964e-07
1.0650650425274137e-07
9.634152227124326e-08
8.13404814195287e-08
6.644352591361027e-08
5.857380146025118e-08
5.303144224021593e-08
5.131512564742409e-08
5.325387503628714e-08
6.28626588965516e-08
7.405286848484366e-08
8.418114627645447e-08
8.722229391511943e-08
8.85137154929202e-08
8.57861667063572e-08
8.018611150476737e-08
7.267551745786419e-08
6.689705546718226e-08
6.586270913165613e-08
6.708066176658896e-08
7.178675411731655e-08
7.54314589524994e-08
8.029786463731211e-08
8.06680076153035e-08
8.251696174627712e-08
7.905074825926475e-08
6.948570665749601e-08
5.5508866031034514e-08
4.200313798880929e-08
3.4037270158523284e-08
2.8725204818489247e-08
2.666588836418169e-08
2.8741917847470354e-08
3.68266985802648e-08
4.652464586984785e-08
5.7805638038961847e-08
6.514019568345828e-08
7.191328019727587e-08
7.339498767875431e-08
7.071564975922992e-08
6.584420437325975e-08
6.257976555406203e-08
6.397064016272935e-08
6.767218355729868e-08
7.490282084203512e-08
8.10569213745642e-08
8.833041266579402e-08
9.086208331766034e-08
9.438817646655226e-08
9.215789438582442e-08
8.318873012923861e-08
6.985636465726212e-08
5.691028573444189e-08
5.068340053471406e-08
4.7055181674210984e-08
4.6920680799879005e-08
5.044281009339279e-08
6.08087640482957e-08
7.27649127795728e-08
8.39909837558241e-08
8.83793879351538e-08
9.090599828972072e-08
8.905004002697213e-08
8.445190018137674e-08
7.803199360079639e-08
7.336433934658598e-08
7.365663282578617e-08
7.674413086964016e-08
8.354886028582371e-08
8.879962160590101e-08
9.43526000477541e-08
9.474462315902882e-08
9.632772913801602e-08
9.256926787468265e-08
8.24577204318388e-08
6.804943895613635e-08
5.416330304567489e-08
4.6638796547308016e-08
4.1979204626198965e-08
4.0650385835923776e-08
4.342116456589065e-08
5.260434574724225e-08
6.38842776711473e-08
7.533969277416828e-08
8.118904281670043e-08
8.58215153703068e-08
8.608320706874298e-08
8.348258022251029e-08
7.905624480061947e-08
7.616056119935848e-08
7.744179178631548e-08
8.020959567376572e-08
8.553526537965952e-08
8.872715280249134e-08
9.205474046597633e-08
9.013615249183807e-08
8.953063635581673e-08
8.395492493606237e-08
7.27699682509233e-08
5.785750705320999e-08
4.426648035094846e-08
3.6904173943235346e-08
3.301647692233081e-08
3.212823139290713e-08
3.566247884475586e-08
4.448914531523181e-08
5.545258226437651e-08
6.70458766724611e-08
7.338046363475455e-08
7.789582372069145e-08
7.669572710230823e-08
7.188978753809866e-08
6.498519877343531e-08
5.95834125334803e-08
5.8925574075673425e-08
6.091024806283112e-08
6.695374767009139e-08
7.196533414713016e-08
7.766322847763258e-08
7.825420850321046e-08
8.013779847760639e-08
7.687596320789494e-08
6.76000496741329e-08
5.378667213609971e-08
4.013227621849532e-08
3.175148681252341e-08
2.5493092723575696e-08
2.2440442562629862e-08
2.3113152274937212e-08
2.9950268313078895e-08
3.775508642967306e-08
4.722053977724998e-08
5.285529872023751e-08
5.812874144810537e-08
5.780118755380875e-08
5.283836184925724e-08
4.569032928761166e-08
4.066892764022118e-08
4.103609576496128e-08
4.446167315488841e-08
5.246628563227986e-08
6.041797884230279e-08
7.020112307148851e-08
7.521670624733562e-08
8.06562712317935e-08
7.967591677583517e-08
7.167891178178916e-08
5.893690006718674e-08
4.656695062748856e-08
3.9860862761564045e-08
3.5825320206645156e-08
3.4404593311806495e-08
3.6962167228099965e-08
4.503426543428941e-08
5.517031650987427e-08
6.567239538430448e-08
7.084794271251148e-08
7.448343213014709e-08
7.30802768686445e-08
6.842579695749056e-08
6.21117905386123e-08
5.773685704209698e-08
5.866102152937572e-08
6.23348884325969e-08
7.013891201045042e-08
7.719583477079096e-08
8.572631986575422e-08
8.962019158000358e-08
9.457712842008963e-08
9.385320319568847e-08
8.640354273913113e-08
7.471109486084439e-08
6.371522252414387e-08
5.989429204134133e-08
5.845024944873966e-08
6.012233928060214e-08
6.527234743401455e-08
7.757700142797781e-08
9.059717753042688e-08
1.0135073550540522e-07
1.039376838467248e-07
1.0412530383633026e-07
9.955292518384966e-08
9.172657400642762e-08
8.214700560256105e-08
7.509960046145334e-08
7.399634908397386e-08
7.669531651519476e-08
8.466319290979006e-08
9.282356099433588e-08
1.0265200172078209e-07
1.0724045413976863e-07
1.1167100353620865e-07
1.091963057207367e-07
9.904089362155376e-08
8.433266451995588e-08
7.013124262069595e-08
6.32257078430582e-08
5.874142495402237e-08
5.7794003550450626e-08
6.062134796171574e-08
7.108014200320301e-08
8.266349138299013e-08
9.258142296578033e-08
9.512441058869935e-08
9.617228619616568e-08
9.347090459354784e-08
8.79899115931156e-08
8.079818981183069e-08
7.561509545570711e-08
7.5695609421591e-08
7.840654541439848e-08
8.48134741892309e-08
9.007244132828083e-08
9.649569361679142e-08
9.826002823227707e-08
1.0098461210872661e-07
9.776815918831496e-08
8.765268627035294e-08
7.313138351360079e-08
5.895536518812054e-08
5.134776608625573e-08
4.61123810948264e-08
4.421640295064984e-08
4.608719978297884e-08
5.491984232063458e-08
6.565398558369775e-08
7.607271761624084e-08
8.03389725368668e-08
8.325325870094119e-08
8.2078986691938e-08
7.8133735758643e-08
7.257241175598501e-08
6.884069216374568e-08
6.993886545490314e-08
7.325351422766435e-08
8.026216474069649e-08
8.620447156289654e-08
9.298746476507998e-08
9.453507469891425e-08
9.676052626830188e-08
9.32483262420213e-08
8.316770455076218e-08
6.864412539813957e-08
5.453703327124406e-08
4.6656431424592165e-08
4.159225233952735e-08
3.979082516593476e-08
4.218656014447508e-08
5.0946572129610654e-08
6.18578687262375e-08
7.29338336805968e-08
7.836443641888248e-08
8.232479889270729e-08
8.162624880719816e-08
7.781669669630468e-08
7.223535536502721e-08
6.831474730063739e-08
6.918445469232112e-08
7.230653244661862e-08
7.903182053028364e-08
8.45542399400071e-08
9.101189696880046e-08
9.256301691266394e-08
9.512067779374195e-08
9.202355092286521e-08
8.229749526636061e-08
6.809077994359698e-08
5.425840427962907e-08
4.6670214898290235e-08
4.185636379272015e-08
4.0332605085294085e-08
4.285729505106134e-08
5.173578673487761e-08
6.254140874798834e-08
7.325549667461518e-08
7.800978795233241e-08
8.114881544281176e-08
7.956858724282287e-08
7.48701871856534e-08
6.837780608285887e-08
6.364761228653331e-08
6.388150222119638e-08
6.670645551137948e-08
7.357932347439885e-08
7.956010341192579e-08
8.657987407259592e-08
8.869505618071527e-08
9.177091932934669e-08
8.901740438025664e-08
7.938768481219655e-08
6.48323499018331e-08
5.051925207646311e-08
4.158986326119366e-08
3.5493922854225456e-08
3.2274625294651984e-08
3.368745405793541e-08
4.077669237883573e-08
5.0139978723429754e-08
6.01410075949633e-08
6.503198243612933e-08
6.826678860726117e-08
6.610500486996431e-08
6.057107237741507e-08
5.355250263164435e-08
4.86162592587013e-08
4.911285063462981e-08
5.266585110760643e-08
6.08776752028768e-08
6.874808176916726e-08
7.805929803931539e-08
8.2371895725725e-08
8.72558251791765e-08
8.59265628598529e-08
7.748140253497846e-08
6.395787957848456e-08
5.0340501694609074e-08
4.203718019639568e-08
3.638442757772454e-08
3.3530373140122615e-08
3.511523515721355e-08
4.247061568734187e-08
5.2254530815026824e-08
6.27543558854559e-08
6.830211659891874e-08
7.257005454043698e-08
7.187663391917109e-08
6.791563022362079e-08
6.213041876346279e-08
5.798931295854512e-08
5.866463201186652e-08
6.167192273383077e-08
6.81840324809501e-08
7.347005452490509e-08
7.971512782637076e-08
8.118655856155629e-08
8.387466276216463e-08
8.099301168354095e-08
7.168877290655943e-08
5.771060922958735e-08
4.4054706946229385e-08
3.5896731318903435e-08
3.04939274578129e-08
2.8115571939043086e-08
2.984193352572029e-08
3.7141597210405906e-08
4.601467780439937e-08
5.572747368436193e-08
6.056349068721308e-08
6.378140399358549e-08
6.125944837085542e-08
5.443330700832e-08
4.576697890198145e-08
3.8994894051304434e-08
3.81138398570644e-08
4.061201018776216e-08
4.8097901093180734e-08
5.579462270127599e-08
6.568562822786999e-08
7.109809380838957e-08
7.69686550947758e-08
7.612065107348452e-08
6.813658132731698e-08
5.5107308221427274e-08
4.2163760737194865e-08
3.437552011494309e-08
2.895424496432832e-08
2.6522187541419997e-08
2.812175026784274e-08
3.5619568132615474e-08
4.4709719356285054e-08
5.518574027836605e-08
6.149930966759343e-08
6.708669454598715e-08
6.731465982795091e-08
6.339456143165706e-08
5.7394147992977315e-08
5.31918011556119e-08
5.405816549355248e-08
5.752488672190366e-08
6.504388632450602e-08
7.197559057190516e-08
8.046476382866381e-08
8.427957753123647e-08
8.880757413510663e-08
8.724586833603485e-08
7.876330706736145e-08
6.578332959398294e-08
5.3199071144012434e-08
4.7067823091951714e-08
4.356115390685269e-08
4.327690073436643e-08
4.658466414326191e-08
5.623313800018571e-08
6.744432438819207e-08
7.810443889477328e-08
8.228006296548241e-08
8.454874315797448e-08
8.201033865976425e-08
7.634488014653902e-08
6.881179532423277e-08
6.324054707243675e-08
6.255892956633386e-08
6.447426463121687e-08
7.021500996330146e-08
7.51727619954748e-08
8.131816191799613e-08
8.267954851308849e-08
8.516383881910791e-08
8.207043724293507e-08
7.264650740297544e-08
5.867305481591762e-08
4.5205849214520566e-08
3.737188041545755e-08
3.2610857701980213e-08
3.092338046551119e-08
3.3660095961287566e-08
4.196861835514135e-08
5.230834928398758e-08
6.342905484184949e-08
6.949042455956127e-08
7.377200717310714e-08
7.212453267238718e-08
6.65129006570714e-08
5.877085508884462e-08
5.2878827173442385e-08
5.1863302810473605e-08
5.376852707447229e-08
6.007609185794623e-08
6.614108086922456e-08
7.364968485664741e-08
7.610592868315732e-08
7.930892173251815e-08
7.663631532872258e-08
6.755029467912299e-08
5.39166718716522e-08
4.05835247391141e-08
3.2650528678480446e-08
2.7048033949155123e-08
2.4528315207209247e-08
2.5834001384272655e-08
3.3156119608091065e-08
4.18228628439742e-08
5.218165772872908e-08
5.882481874747052e-08
6.525610588160793e-08
6.652472248102541e-08
6.356349017973427e-08
5.835833513863148e-08
5.464645221213169e-08
5.5320986618677515e-08
5.791607381908455e-08
6.381066270211344e-08
6.838265444538472e-08
7.389079815260863e-08
7.469055727036933e-08
7.702843065798368e-08
7.429305059791042e-08
6.562435539268272e-08
5.2531344117770494e-08
3.980118232217476e-08
3.2428324569546166e-08
2.7529258213712237e-08
2.564246366997767e-08
2.7606677800114323e-08
3.5306024726681635e-08
4.439495025583639e-08
5.4935474913521534e-08
6.144283046553207e-08
6.736568387744265e-08
6.795263183260668e-08
6.435924977203024e-08
5.854045001250221e-08
5.435222744640084e-08
5.4816667378344336e-08
5.751214738283254e-08
6.363073269623207e-08
6.876063843848205e-08
7.515484080712583e-08
7.700848967949769e-08
8.009921523279521e-08
7.762550711694331e-08
6.883187204428784e-08
5.5428961594772914e-08
4.2299331958387316e-08
3.454328452897682e-08
2.9369101218441544e-08
2.7230717040847505e-08
2.915024668589139e-08
3.687177827509966e-08
4.6283226293007256e-08
5.711659885941105e-08
6.385189137020243e-08
6.99735481180044e-08
7.092564217769018e-08
6.796103650104756e-08
6.287604753813882e-08
5.928500191537144e-08
6.011928286342836e-08
6.29689981216205e-08
6.907087740010087e-08
7.382038997224902e-08
7.943904294756585e-08
8.030658806990372e-08
8.257112246978937e-08
7.953177182417157e-08
7.031992401391263e-08
5.656227515551541e-08
4.3140693147666854e-08
3.516304476688902e-08
2.9828623325776995e-08
2.7592103644615703e-08
2.9494681259260094e-08
3.725633216894328e-08
4.675739718114211e-08
5.7671072123087477e-08
6.44632489797417e-08
7.062243782079562e-08
7.154718831567265e-08
6.855051479134526e-08
6.345326967057916e-08
5.997043105902424e-08
6.099930018706357e-08
6.400330438791574e-08
7.042795253872214e-08
7.56333812805306e-08
8.184356957572942e-08
8.326174188968137e-08
8.59635603075252e-08
8.334473961272543e-08
7.444887031266072e-08
6.10782714961142e-08
4.817500348826447e-08
4.105366834001778e-08
3.682381149251982e-08
3.548203157457222e-08
3.8329541849348354e-08
4.681613202317507e-08
5.745465832529728e-08
6.847849329668663e-08
7.415353771313868e-08
7.815323943510537e-08
7.710744921890761e-08
7.272053309188772e-08
6.676853822717392e-08
6.252559937714683e-08
6.324722065307384e-08
6.624842818189633e-08
7.313244845282563e-08
7.912739742826898e-08
8.619868063681375e-08
8.827749312810042e-08
9.125120789017155e-08
8.862862230174629e-08
7.954836333758043e-08
6.619614557332696e-08
5.3403150960164845e-08
4.719121862976353e-08
4.371271271412985e-08
4.355578543088846e-08
4.7127557834246295e-08
5.7189782216998864e-08
6.897903455244682e-08
8.036128423733511e-08
8.536695035105732e-08
8.848333965595212e-08
8.677700782048322e-08
8.17727220831425e-08
7.492534323530102e-08
7.003302129464139e-08
7.014642762786213e-08
7.278138979910184e-08
7.933257949096349e-08
8.537686774220339e-08
9.275726161684523e-08
9.515429483713922e-08
9.807503156810058e-08
9.500950482280789e-08
8.522589154364622e-08
7.120981349811633e-08
5.775459151201445e-08
5.127674471449567e-08
4.7571409863116784e-08
4.753545336286597e-08
5.120793868500059e-08
6.184069217208256e-08
7.406518116305807e-08
8.549682231998111e-08
8.998610965024102e-08
9.237343231254847e-08
9.006001265328814e-08
8.465568363459718e-08
7.759934251508485e-08
7.264590246034139e-08
7.29942636915694e-08
7.625875803548883e-08
8.40349571122684e-08
9.134350531747481e-08
9.971567976363253e-08
1.026865468811249e-07
1.0581708140384639e-07
1.0275251901287e-07
9.259180008084796e-08
7.81899424900757e-08
6.428785847181101e-08
5.787314654957722e-08
5.402205203890419e-08
5.416089931501669e-08
5.784578650417044e-08
6.932384135751819e-08
8.226853220794266e-08
9.39130013895968e-08
9.801928034361704e-08
1.0000594752196241e-07
9.75998345047289e-08
9.22753207511607e-08
8.502699769140858e-08
7.977824424033037e-08
7.94659865087798e-08
8.204365740772703e-08
8.908405628698025e-08
9.546741007570608e-08
1.0271185505580097e-07
1.0449446084456278e-07
1.0662438746026269e-07
1.0256773858524485e-07
9.137173154786557e-08
7.574178452099043e-08
6.064650290074705e-08
5.251642302960759e-08
4.722405021761253e-08
4.564609455433487e-08
4.7947554396812804e-08
5.715145609225997e-08
6.798021942114951e-08
7.805787834013845e-08
8.1304608474252e-08
8.24703383234402e-08
7.889060128143002e-08
7.207492184009029e-08
6.350896025936667e-08
5.691010886882962e-08
5.5657795511256804e-08
5.722956231901048e-08
6.345267517054392e-08
6.942333610036947e-08
7.700234637116767e-08
7.974256936070668e-08
8.323996210012983e-08
8.074042579854276e-08
7.150384844755138e-08
5.7456558490201056e-08
4.3687945281906375e-08
3.532528453805588e-08
2.9544678910386575e-08
2.6837450869050872e-08
2.8218621283665323e-08
3.5415941665425016e-08
4.423879749359456e-08
5.436239512184612e-08
6.025598255303145e-08
6.536821510342344e-08
6.5101547423676e-08
6.086365698101101e-08
5.462638237665531e-08
5.030612823613097e-08
5.085493370815286e-08
5.397746410837845e-08
6.122867560934176e-08
6.807742964197276e-08
7.65189553152887e-08
8.031486475937581e-08
8.520931186464596e-08
8.461857734729772e-08
7.80862281936111e-08
6.750400464151514e-08
5.8603013794781324e-08
5.5462856175479484e-08
